10320
20399
17196
162989
117177
2115
146198
2036
12955
4892
1639
11273
11102
209446
20610
2036
10713
14225
11857
17256
13175
12293
114880
11539
12265
10193
10179
11143
12491
16818
123228
177
11434
107976
102392528
114781
16000
10137
110532
123036
1804
2036
14573
144165
16428
13829
200894
16498
18140
107522
10124
199692
1606
20441
2118
211
10943
123920
2053
11062
159091
57504
120425
11636
17133
11151
95
13353
18618
432736
154214
12398
18514
1826
18162
108030
1302
14167
12805
208
11244
10427
147657
139716
11877
11877
11154
121274
10472
159090
124925
131034
10733
13132
20371
19245
211484
1292
14745
127435
18613
19099
115727
216154
20166
17283
17168
169841
19653
17085
12411
1831
158297
2036
1051
16985
16985
10900
1066
14705
12354
1028
140545
782
127495
12036
107702
593
149840
13144
100462977
10455
123803
207818
100130967
100128108
20274
148254
163486
1107
122809
100515
140688
11056
17260
10672
134218
100289635
208748
13175
10788
11037
161357
13592
18854
108089
1871
143570
18018
133584
18018
18018
10793
12769
14048
140917
13829
2000
10788
18563
11100
130574
16780
10919
19261
119
104836
1436
10250
10623
126282
16407
119
1054
10221
192197
148156
12295
166379
143662
19261
208154
129285
158747
10906
208718
11091
14088
19298
10346
1618
1295
17082
16594
14658
1326
140831
19411
2002
10769
148932
130916
13555
4665
159090
13163
105501
10813
12405
10256
14176
12799
153222
3781
1263
18610
1796
151531
16373
18747
1154
2036
148738
18377
19698
1196
130557
10307
10307
1589
16865
123
11632
1748
209318
11009
14854
100504178
19653
56834
16182
10038
122622
192156
11221
10233
13448
11009
17537
782
17537
11670
11486
1489
11344
10518
140680
107242
177
148738
17827
10518
115817
10309
19339
14797
18633
1032
11145
15483
10214
17057
15369
14651
100128108
1382
140465
109594
100128108
1466
104457
102636700
102392528
10911
14710
14710
170626
4703
4703
4703
17996
4703
8857
10071
57519
2903
2196
2903
140710
64478
52463
2903
23334
52463
127602
775
775
775
775
775
775
775
775
775
775
775
775
775
775
775
775
775
775
775
775
775
775
775
100042480
381917
12290
79987
57634
76455
27
27
381917
4131
241431
27
241431
27
27
9037
23331
17910
26115
17910
9899
27
55636
27
200424
64817
91010
2005
76455
8837
18845
91010
18491
330286
245555
1629
8837
54549
9899
131544
375449
8837
3909
8837
221981
76376
8837
76376
3909
207212
8837
375449
76179
375449
76559
8287
23051
23046
7029
375449
23046
7029
320772
320772
54790
284695
375449
8837
10765
9749
22837
9749
219228
22837
57553
7029
22837
7029
9749
22837
29068
23046
7029
29842
9749
23046
284695
3785
9839
54790
3785
4915
3785
7029
3785
9839
114991
55729
55553
221400
55553
16004
55553
221400
55729
55729
55553
57182
221178
57748
1795
23303
4649
42460
226751
283373
7248
7248
9586
319807
79443
5939
22067
4915
7798
286
7248
221178
54004
14634
19255
7798
12831
224014
224014
9849
4915
11190
6654
224014
286
9849
4915
100039795
23152
286
9586
66725
19211
9586
55421
9640
54454
286
56252
666529
54454
54454
7189
57713
24149
9991
9991
9849
9991
192187
23033
7799
9991
130507
75767
23033
2915
17910
84159
7189
18191
240752
57476
25778
57713
9586
57476
6304
6712
2915
4638
5966
9828
57553
6304
9991
7187
25778
153222
9665
9665
26046
229574
286
9665
5966
6872
7543
6872
97487
7187
4638
79598
6872
45278
7187
4638
64759
57476
8021
7543
23120
4915
19876
56888
7543
23523
57182
79598
4638
81704
7799
84444
8871
7187
7543
9656
42460
72258
11595
63035
8871
21683
11174
24
12695
77781
11304
81704
225638
6314
1107
666529
23523
5294
29068
85440
382620
81704
4915
241263
85440
63035
200162
2321
9683
45278
4978
25914
85440
85440
23523
5294
2649
7587
2649
64762
2649
64762
84159
23373
5294
9968
26249
53354
7109
5080
432572
9711
23373
60676
330
5080
25943
5080
55014
7110
23274
213556
5080
340895
5080
29068
6314
5080
26509
5080
285672
5930
16570
4978
320492
9693
26509
26249
7543
9699
23384
42460
5297
4855
9711
77766
5930
432572
63977
147660
55205
282973
23135
221178
23384
63977
9710
63977
9821
9821
57673
11128
17295
29890
9379
139818
57580
9849
236643
12832
5334
57465
152926
57465
7587
7587
9915
23384
63977
22869
236643
26249
57786
42460
9739
18191
23015
23506
8972
215798
2321
6809
9699
2774
55771
95681
72585
6872
6872
6872
93986
57509
6830
93986
26009
93986
6314
9699
9379
23091
95681
4897
221178
75767
57572
6872
6872
412
6872
6809
93986
23130
6872
93986
93986
6872
57835
6670
57786
6670
4897
5603
6872
43839
64599
4897
4897
6304
4897
79685
210417
26051
226089
14254
23116
57509
95681
375248
9880
7581
7701
7581
55196
79685
347240
4800
83852
5101
95681
7581
7581
7799
7581
6256
333329
83852
53354
221178
5603
7581
320492
2257
21419
26051
4800
9203
7581
84665
5101
21419
23211
283431
7581
7581
7581
79685
23363
1794
5599
71972
5599
80031
79685
23361
7701
54467
152831
23053
7581
11864
20538
23133
23053
37230
2774
11076
4619
4308
53354
57606
221178
6670
9902
79230
3082
8816
9737
8816
50766
245666
6256
79230
237500
3082
9737
79230
57633
55701
343450
23099
23053
9829
23293
57659
67016
57579
8490
55701
7701
7403
80031
36
80031
5291
3570
8490
80031
23133
80031
9829
26230
5933
343450
152273
9737
57659
80031
5599
23099
2774
57504
22437
3570
84665
326623
9737
8490
55632
56929
4308
244049
43839
7403
9829
54811
54811
23363
7403
67727
84146
23186
343450
23370
571
7486
283431
8490
7090
9960
23235
8816
7090
9874
89910
9879
54811
9747
57579
9879
571
7090
90523
55610
26048
2122
56852
7090
227929
23314
84665
4308
7090
9879
9960
237553
9677
54855
330938
55610
4311
8013
79670
4750
222255
4750
9909
81573
9747
23030
8019
7403
84665
4311
7764
79925
158586
7403
283431
4311
9677
9677
55701
9853
8013
22897
22925
51274
5979
10475
22925
22861
3909
4311
109242
9203
57579
9960
5257
9203
5371
154091
127733
30957
8555
6601
79670
54811
65998
43839
30957
2774
261734
9677
4750
441631
4750
80155
860
94229
30957
22897
7403
217480
79822
2122
22861
6256
7403
9820
9820
23548
9615
108672
9738
94229
94229
30957
64375
57504
84986
11622
5257
22861
13801
23152
860
30957
30957
71729
84986
9615
5565
9960
8555
8506
20592
266977
30957
94229
1121
94229
57614
9738
3909
494448
5599
67467
23210
3797
720
94229
222255
94229
84986
2257
8220
89910
4750
6601
22861
54799
321006
56516
9615
9853
9924
12123
387032
222236
17940
192161
6601
23314
5256
55344
81848
84945
18576
9842
9874
5565
17082
133558
23314
72154
395
55683
9924
55683
3635
3635
9924
720
64411
93961
93887
57449
55512
31646
269784
76223
81848
11188
23370
76223
55683
8408
219257
54861
76223
860
74978
22906
64062
55683
3683
84461
234366
84461
687
245666
56516
12941
5335
5335
228026
63993
23476
218100
70574
83694
2122
5565
16782
2551
150465
212281
22925
54861
4952
4361
8425
234366
83637
25893
18191
8674
64062
8674
55683
254170
29843
64062
4361
4952
64168
26156
29843
8555
55035
6850
218100
63939
395
389677
270049
22861
55683
9747
52020
4097
20868
23396
9874
90874
22839
65254
6850
127707
9842
222236
234366
6850
212728
9853
63939
8425
4097
230161
10106
57513
223739
4772
57707
319211
21934
83637
261734
57337
63977
57533
16480
51277
32275
10194
23396
9654
55683
81848
79640
79670
226610
83637
8425
23258
4355
231672
3683
57337
84665
110893
6297
22904
29843
84976
23258
405
110893
81848
7693
6833
6833
79047
18117
76425
9842
8603
6850
218100
25852
93961
21938
9797
23528
23528
405
234725
2122
64412
2800
405
133584
6886
2122
57533
57587
66522
9905
63977
25970
31166
8603
213402
79027
25888
2533
405
25871
405
51313
9712
51277
20249
218100
89853
54447
56884
8603
2122
51313
56884
8850
26098
51182
57337
254394
57337
17196
22906
23038
118788
23038
4286
7178
2122
2533
216543
51313
8603
56884
73137
23528
5291
57449
69480
8493
21386
10345
244418
6886
9905
6886
133383
10345
91137
57449
79027
24014
8541
148789
7128
81575
151050
25852
2551
8603
5098
25888
317781
29799
244654
42460
7128
7576
83607
157285
57449
64423
171212
27345
4772
2533
23359
4355
57449
261734
64376
7128
7048
21429
81553
387032
57449
83607
26098
81566
8603
319710
26098
29843
79027
8502
3987
76510
8502
72607
80728
4286
7090
93703
5810
22906
112755
4286
21453
359948
84930
4286
16795
84930
25852
64423
226610
23133
226610
6886
7456
26100
81575
14756
1609
4772
9925
114885
7178
235379
6886
139716
21386
4355
57449
143570
10507
84985
25852
23476
231646
206338
7048
26152
359948
728841
22906
42899
25894
22904
170954
22884
8502
7576
23834
9646
81566
7456
63939
64376
26098
64376
21429
21429
79027
64376
25894
109785
4355
64794
380730
57337
7178
130916
192166
21453
66999
22902
225608
8502
25894
45278
84930
25894
51263
209091
64376
27342
38648
55197
57728
8541
246313
261734
23834
57449
4355
5810
233056
93702
13132
91137
9712
4343
57513
9655
79830
9873
53349
4664
39540
80818
22183
7090
26100
100042056
3987
7576
55197
57649
71728
22902
272
4286
50868
9785
38648
1639
91137
53349
216835
728841
3987
10827
109785
21429
54926
26100
4286
7185
42460
216835
64376
76425
9429
56905
43654
55035
5318
233056
26100
209268
9655
81627
22902
84631
10507
38648
55729
76425
253738
3978
3987
201294
26100
240514
37230
67588
5989
229488
283742
387609
4355
67588
76454
330
272
60676
3987
90362
284
284
22888
23660
9991
221785
728841
22888
5412
1742
29799
51135
4772
32275
10929
4355
79830
4772
3987
239037
55035
9818
272
89848
72667
22404
109006
79741
80818
79674
27762
5318
51135
7185
38648
214597
26152
9818
272
10198
26100
255403
9429
5949
8556
899
4286
8453
4355
734
238662
32275
67821
7100
4355
79830
8417
37007
67821
212919
23015
277328
318566
54644
15117
37007
54644
8842
6508
32275
79567
73902
22404
8453
240514
6508
23293
90139
23660
80095
214597
8453
64395
208144
6508
23384
56924
79830
25913
64207
72667
318566
51135
72349
4881
734
22888
84189
74012
26098
241514
9181
79868
8824
25913
51571
9181
13618
84939
4957
17118
58525
4147
68964
68964
79868
84632
225870
230796
5979
79595
8453
6886
79830
68964
84631
14163
37230
79567
37230
94332
16182
51135
67776
72123
84631
57533
37230
9755
1003
101148
84631
23270
50997
5076
92689
271
79567
79912
20467
79567
4147
5076
67588
79674
68188
119
84939
9181
22890
9762
23163
56193
5990
239833
51182
76156
5076
45278
84101
134266
51571
37230
25913
20807
104175
51571
2073
278304
93688
84626
67776
25861
8178
1975
25861
268417
76156
27366
56853
211208
76510
79728
79595
25941
56853
72144
56853
283417
1975
17532
5076
74123
68964
6778
7625
8639
76156
4898
5990
5076
84101
10198
6778
19261
5296
81627
268417
57533
57509
74123
84632
20476
67974
74123
19143
27342
79868
7290
74111
84631
84632
8805
57826
25913
13618
271
10919
81789
7075
27376
51619
272
23945
43186
81789
51135
79674
78926
40709
4957
5296
9989
3777
8842
37230
6778
78943
2976
8842
58158
78251
154743
6297
4772
25913
6662
25941
37230
9013
55217
8639
54383
22902
11117
240776
56853
8824
7625
10250
56924
54383
23163
6297
8534
89874
9989
23163
395
5520
64841
78816
84631
395
404093
25941
269053
79047
63897
57826
84631
79047
69354
9989
51571
74244
84631
8639
54662
7075
74042
12554
4957
57649
79868
6837
37007
231670
3071
8842
8824
8805
21804
54331
55008
57340
22404
213948
21804
2976
4957
54331
12722
43654
2581
3798
102395378
67588
74244
23854
359845
6778
6778
329274
56924
403
84101
18514
677
71889
8842
9013
8842
27342
54644
2581
23854
31166
10929
9060
23854
246728
7625
72399
85451
29109
32275
32275
54331
9060
8842
56469
12695
53414
79585
37230
203522
22890
9013
23163
2984
109332
53604
5467
286144
285973
51571
55711
79868
54326
4898
200894
339287
400745
7917
242915
27342
21419
107650
318566
3991
67842
2581
83988
223864
112611
2731
57509
43654
5457
29066
7917
84250
224647
23598
56675
71145
56924
31136
4957
223864
79585
12722
55216
54700
5965
24599
56632
7917
21804
79896
84626
23854
107650
81928
271
55008
268417
57162
9699
3071
286144
2354
74244
223864
5778
84288
223723
4343
22839
59036
21804
83988
8427
1436
55216
16979
253650
6778
55216
60313
330096
5371
5467
31136
8031
23598
6553
6787
3257
782
105377
72399
90233
79733
83988
68350
83988
8774
72723
140710
7625
92014
37230
9013
5778
80201
36810
213484
271036
7185
5325
52840
54700
55711
400745
22724
84450
285343
84985
26562
31136
64780
9013
92014
66223
227737
269881
75764
192197
2243
5325
23163
27043
84288
286144
26469
286144
286144
55971
14936
5520
16467
84231
23945
53604
23598
83988
83988
224116
55640
7569
255403
2354
57509
64844
11666
14345
64780
7917
19204
8031
57440
4999
74249
33423
55246
321
26012
26086
59036
212892
285195
26012
38648
7917
83988
17132
26122
75764
23117
404093
38648
230558
2997
286144
92689
395
51435
78926
243499
31136
79654
64144
7625
235431
285343
407800
4772
25766
599
71985
51176
84101
57381
33423
25865
321
90233
171504
68449
83564
90233
79048
67017
52840
55602
84450
52840
55246
9092
5076
79585
5965
7569
152815
255403
55655
68295
84549
5778
8031
224647
117246
83988
104010
229517
26012
70478
227731
23133
23363
52840
8690
26012
599
AK033359
4296
55968
26470
374393
23796
8495
54093
55968
220965
10943
8031
21385
26012
55655
228769
4772
90826
55246
9068
60597
56632
6045
606495
54723
6387
54662
84450
98170
146330
1048
230558
319211
72399
23945
84450
57869
27043
229517
79733
51176
64844
79048
9379
26470
83543
5265
79048
71718
104836
27124
286144
5609
55655
319430
55655
6502
93594
153579
17181
215693
285343
5467
9013
5801
1048
31166
84450
5190
5338
5265
38648
31166
31166
5265
80010
27252
7569
77596
84450
55246
8427
13875
23623
8031
976
5609
55246
81027
1742
226691
51176
5265
5909
71452
81493
5265
54646
9641
4343
54646
2571
70296
11720
223082
23293
2624
74498
224647
4801
79733
5338
56632
5933
278725
55711
570
6787
5609
83543
8449
220965
55968
79085
7043
320587
4601
11500
145773
7030
31136
100504663
20933
229517
229517
5467
6016
83543
68859
2997
224703
2296
244219
54890
57835
17347
68295
84167
255403
285343
145567
268749
2997
71718
26470
83379
5325
5612
23790
4898
16543
39540
50868
71729
5734
67474
6602
319430
3362
273
74187
8100
5325
271
271
5771
54537
5325
79048
81493
22793
64844
671535
8908
3978
90826
283576
27124
374393
42460
85369
2020
80742
64780
7030
319819
55288
51385
80271
283219
42460
6909
79109
220965
19374
278507
51763
5325
5325
55094
19261
43186
7752
98878
7752
83543
243499
2624
57826
113419
68859
33423
9013
90523
9641
570
66972
55968
9641
4212
4327
14161
31166
78252
31166
4303
26469
22955
26470
374393
5325
55288
55288
22955
39475
976
18072
10458
23600
4212
31166
7975
22771
25766
653464
284257
55246
231830
243874
70218
5612
227731
4123
57826
67588
80742
5265
72605
79012
9894
25865
6525
12695
5909
6016
6525
7318
79616
14450
6252
51057
55201
67480
229722
6228
26470
76510
227731
228769
31448
56996
6932
50868
64844
31136
124817
8908
144809
2770
3978
825
284111
95681
84527
6602
1762
671535
6016
7752
10458
31166
286
5265
7752
54093
5909
60509
3070
5265
76686
273
8908
825
83860
7574
71145
4327
22955
5894
85369
4123
20361
25852
11188
51085
79109
319965
5325
143884
270058
51085
79006
11063
6932
76932
AK149691
4212
22929
4212
72958
248
6502
7071
4601
221002
5778
8436
284111
55288
225471
55288
57621
7571
2624
22906
143662
115708
84929
16846
55220
4212
55007
5325
60509
79109
18613
238692
282809
79801
84501
20964
22297
241391
214531
22955
27236
286
72828
221002
6525
74120
31448
23293
8796
19015
55216
162966
12177
5265
55216
55288
6525
25852
23149
6474
50873
51763
93594
26470
282809
326148
33423
51085
8761
4436
145407
51085
23149
340075
4123
73744
976
5265
71799
7690
2290
5325
224824
54093
677
20964
33045
3070
71753
3978
432450
32820
25865
4303
5265
55216
107373
7574
102657
55216
8100
227731
642987
23600
10458
76982
284111
68666
84527
25792
23623
8502
8761
8908
2770
8796
7752
7752
54925
8690
284111
58887
22225
59126
6525
58887
5582
677
59126
14088
64763
2564
67457
5325
5884
92105
214901
3070
6474
4904
28981
18709
35865
51263
84527
3355127
64787
8449
22955
26958
83797
71361
50868
60440
79723
129285
14186
230654
31448
42460
67073
8761
9619
26958
60485
4999
55288
10174
6387
4212
85369
18013
55288
6668
23149
81855
147968
3300
41823
57912
222643
76510
27236
104886
6474
220213
9896
4212
42460
7917
239766
84929
3070
31448
35865
7071
148103
22415
8796
79871
55745
67422
7690
72454
58887
7289
79723
150763
57553
92912
58887
286
44149
7574
80007
282809
1024
220965
89
31136
402665
3070
5371
320910
15566
388951
79723
245509
DQ869571
5325
AK081423
5371
84527
17168
8816
22955
2819
26994
3070
17390
2005
54925
5884
37223
632687
67073
6932
4212
6932
84527
41219
8195
2625
55511
77889
5884
79109
2625
3070
80177
13346
222865
211496
22929
7690
218518
23149
9619
16834
282809
259300
57776
78912
129285
5884
243499
5313
5333
78912
27136
72692
17450
340252
4601
53320
3355127
4613
55220
22839
54676
435766
4436
70625
825
85019
7490
5313
23274
23396
79566
106039
25792
27236
222865
5871
115727
7490
80896
4327
9839
208198
58475
79566
235040
44149
5350
23598
70788
81489
84527
269784
8076
9619
5342
AK044354
25792
26385
109095
67516
26385
2819
381979
7690
192191
221927
27236
5801
57776
5884
84527
19735
84078
22929
79723
10345
51763
26385
51517
120526
92912
39332
1431
57783
26385
208884
8495
272158
4123
27236
58887
7546
23163
58887
58985
8076
92912
9619
79925
9619
232807
40232
51517
5346
4772
7490
79109
79666
43654
5333
58475
70676
51244
8495
232947
39332
43654
63894
170954
2321
7561
22772
108897
60440
3070
2019
27136
8195
115727
55631
58240
57649
9412
27136
20399
216156
78267
13544
89
89
67803
34881
8076
53320
228785
79959
8908
9619
27136
4439
5371
115727
10655
1519
381591
3817
100381270
4931
52838
272158
5325
25865
52838
37223
6932
31136
55220
63920
269784
5325
64427
55007
30818
221150
5778
231986
35941
55750
231986
11440
70383
85007
8076
79885
25861
209027
AK155780
7692
26385
56622
272158
24139
5346
57587
68767
23921
81691
42196
228839
23921
25792
326148
70584
12695
40973
27236
7022
91298
10458
3817
5064
8310
215418
58475
63894
25792
320435
68767
12300
4033
42971
8076
3817
406
33507
58245
23830
42773
100038555
100040736
12223
31136
406
8076
6512
84527
71213
78688
3070
80896
4931
406
152992
399664
406
241128
42460
54561
5801
1121
23609
78926
63920
12041
27136
230757
3817
44149
8674
5580
7741
230757
52502
107650
4212
54676
7741
57179
1479
23532
64852
18458
58475
79159
6932
57783
42460
2342
27886
76510
25792
114569
1298
2259
25940
5884
97031
55131
70239
144423
1820
8310
31136
64427
89953
51106
27886
57783
79885
320100
7571
148979
17283
57862
7988
235283
24139
110326
13807
406
7769
78388
42773
7018
221150
406
70239
320492
4033
92335
20620
3306
70359
43654
63915
193740
52838
320492
5098
81931
54925
7918
387893
81691
4439
74096
227292
84173
105653
7709
13618
237500
11063
4439
55640
6878
4605
11156
234404
31136
51631
228839
5801
80896
217166
35865
571
25792
20387
85364
3070
35940
22722
7918
6010
7709
9605
7179
13090
70044
7709
230126
5325
57179
5064
57912
31646
63894
7697
8076
55739
78558
8379
127435
27136
22658
228866
4439
56317
56986
79768
33045
67419
43466
22955
40510
54130
11966
81620
28981
101544
42460
79777
5580
57179
57862
35865
9021
238880
320302
4613
4613
7692
224044
30818
5325
AK050685
4033
29882
44149
26949
3827
81556
23609
3177
33635
5325
18230
AK048712
42773
28970
171285
67070
7697
222865
79959
41550
71971
25854
83933
2259
57783
384061
8379
55220
7799
8379
4605
1813
51631
267002
7179
11156
225849
11188
89853
9412
23623
43005
5325
9412
20911
41219
56965
55280
81691
9610
6512
63915
3817
1193
89953
404636
7627
7571
85440
27218
8443
208228
209268
81013
231842
5333
75221
10054
90075
11221
4638
65967
7692
7697
230784
4638
399664
110886
116871
66308
23877
619208
258336
90075
6512
115727
26230
4931
5884
57783
7692
6832
7584
21769
7802
227753
77015
7918
7692
51176
83933
7918
2662
41550
5325
60560
7517
84529
212198
23877
58190
654494
55280
40510
58190
118445
74096
201965
57179
7179
5801
58202
67283
8161
14161
53349
16372
57862
25940
37230
39406
53349
7692
101631
19245
227753
39406
67283
81556
89953
47611
78891
13434
284106
5884
34881
68505
7697
79132
7692
29911
326148
46078
55324
1813
212392
7697
7769
224703
56986
29911
3299
55739
7517
7697
268288
256949
84173
1633
55739
4931
23877
208659
57862
55739
67151
729665
7692
42460
42460
79723
54869
12364
22793
4772
56362
114255
11540
90075
23600
27124
90075
227753
78926
320864
3234
18109
3234
55608
233733
4807
7316
28970
5884
212706
214254
3431
9412
43466
28970
67580
8013
231805
7769
92344
50492
10256
326148
56541
41823
92344
214854
35215
7709
37230
74479
227835
31696
63894
228858
147495
74978
326148
55615
74347
57776
83706
56552
7692
23623
57037
64577
79723
63915
20724
6821
7517
79782
3177
56924
74251
83706
96626
203427
227753
326148
67563
224116
793
3305
54383
79767
14167
23877
8556
79782
217216
7697
104445
46078
54519
55174
25946
8379
228003
55280
55608
150356
3299
46078
84167
163486
17196
37230
6832
7692
246048
26260
3177
37730
55739
8941
23623
159091
40510
18988
74479
6657
13401
70859
3431
51143
85007
20840
213773
2687
209268
55180
22793
330192
51057
2687
83937
15064
224613
77799
51057
63826
76498
124801
232187
254394
2687
466
22821
54108
57862
234695
7692
79697
79722
26260
398019
54622
8577
AK138425
7692
6512
7444
84529
163049
25946
47611
11554
3891
429
7692
14070
6878
7179
3177
404636
10199
224703
46078
53418
883
41823
37131
1299
22658
900
50525
7071
27124
7490
55552
5892
72148
233189
67283
30815
3382
41823
57179
37730
51631
633
257415
30815
169166
23623
237310
53418
70809
81556
256949
256949
55745
42773
42971
60509
6878
3382
54971
257415
107029
3382
46078
13807
57179
84838
8556
123872
19094
26260
56180
79072
70396
3853
27010
70941
84225
AK150079
35215
353188
252974
29859
7741
7918
25946
28970
30815
326148
108707
26048
28970
404636
6821
7490
57150
103236
23532
56264
84173
47611
63894
4326
5226
53418
71963
43426
7444
55629
51477
99480
3189
388743
47611
57862
229
46078
4752
80333
84225
70478
55280
25854
79173
223775
30815
5892
14219
231821
55552
64577
28970
57150
69064
9355
57179
7697
2687
30815
3790
23532
4752
8639
134510
24105
7571
22821
22821
230657
54903
64794
26273
66839
64577
51073
70809
89953
25973
68274
17937
240590
55131
234857
23645
1087
54903
66658
4752
79959
54971
67976
170392
5866
30815
4957
58190
84173
46078
55280
11244
900
10655
55070
3189
56375
27984
11062
163486
11027
1087
216
54108
35215
404636
8379
77015
79782
338350
40959
653820
25988
104885
26912
27136
441024
80333
257415
42773
46078
81556
68943
92335
23623
12896
225895
66443
3790
6472
5533
80333
643866
7071
7692
404636
30839
239
27005
6472
21425
70941
66662
71093
9
237300
11193
5226
69149
27131
77996
283985
55552
19734
21425
64321
54720
103551
211389
25946
68952
79676
AK039686
192192
22658
35940
71952
4752
54971
6640
80333
230603
231868
3359
7692
32490
5026
57179
69064
5098
5026
6878
92335
268534
56626
7741
21833
63826
101631
231717
5533
70821
230603
242726
28952
84221
55739
23462
257415
4222
6821
8905
104382
22793
57179
7627
51166
28981
40232
81556
27124
5558
74764
54971
69149
2868
54623
8905
3852
67145
23462
25988
56749
35169
14017
23532
31646
51175
56375
7697
5252
55070
5875
3671
40723
67557
79191
105193
27131
43654
57179
84225
55363
67283
5533
10234
27124
4005
5888
72535
27010
4957
5252
8444
42460
5888
5892
71934
81556
74451
21425
27136
5971
54971
56731
6472
23853
70809
51095
67283
75613
80031
9499
56996
340252
5226
133584
26061
26086
37230
71767
381337
128153
2886
26427
2687
43654
147111
229905
29861
223664
606496
229905
24139
285971
2886
90379
15461
68089
64339
5026
69064
26271
3382
399
54623
5026
51477
56971
6472
7050
7692
21343
56971
39385
625424
80308
3359
403187
80333
103236
56371
66492
9104
25988
6472
69064
92335
51095
35215
5371
399
11027
35215
55363
60678
50796
24105
10234
23623
2243
4783
353188
7741
319352
71767
320581
100609
320502
69156
54925
74561
41457
17285
35215
51477
12315
338692
55039
9933
211949
23532
54971
399
73680
84792
10865
54971
79178
79676
39385
4957
13404
10325
399
221302
2560
43654
27131
2868
54869
23587
319945
54556
228684
163486
23532
8148
27005
4354
84984
151516
6472
120425
76813
275
18817
2886
42460
69757
54131
23532
78558
8704
171392
10403
72713
8148
9104
AK051785
215051
27136
8444
5252
20907
26061
9
79741
78994
218518
225895
285343
64092
39434
98303
25946
275
54108
26086
319998
2326
23532
223337
39385
54720
217333
51166
39385
217333
2326
21803
55979
72873
15461
92335
85007
232934
234852
235435
51606
70209
70420
79676
4222
83450
98303
2326
243846
2868
81556
320701
79637
75530
10962
67236
80333
5888
14678
331480
6472
10655
7919
89953
163033
4957
15284
45250
66054
7627
199720
45250
114757
5892
22318
32737
67026
73988
73988
89849
144347
215641
66905
32490
36466
4957
6419
83450
4222
35940
399
71767
22594
11922
80115
68089
338692
5866
6472
67873
84179
8623
5888
76971
84179
63906
92335
9
144193
10325
36340
3827
27
28966
80384
22654
66054
3431
76524
107971
40972
66394
80719
9984
51606
84146
51477
73463
2886
33288
72323
631145
7978
883
27079
3671
10587
9
4957
112406
57267
64777
16661
40909
51166
11062
65962
73988
79637
79676
56690
57794
1196
20648
399
83383
72825
3781
13628
5371
71901
232801
26271
51166
26061
26061
51608
54623
25946
64943
440087
4783
643988
234374
55344
116905
211323
6616
6616
7515
84146
3082
399
8623
166815
71767
26385
4783
23532
3359
3431
85007
137392
36340
51477
6472
76971
35215
9615
83450
26385
18142
319352
56259
9
57050
2868
162417
79005
242669
275
5892
72341
36340
10587
51606
55311
76916
33288
11657
71901
7444
26086
319352
43186
43654
36340
137392
115749
83450
4354
56357
1804
11074
18036
399
8623
9326
13404
55311
71791
66394
3570
10174
2002
54964
50813
3059
54131
23462
14061
211484
228775
2992
AK032119
72074
126208
14262
103711
41550
75210
192976
275
64092
3171
399
69724
7919
79777
15461
10435
35215
72962
79142
9104
26061
68089
83874
9
30815
70335
70575
79005
84287
399
79676
10211
267002
3827
34191
243846
9121
9326
18412
67236
67344
5467
55197
36775
43228
7978
23967
434232
44291
56149
9
33466
285343
56441
78246
18030
3359
57028
55615
12018
83874
230868
4354
72775
232821
79758
80324
71966
91614
34565
8704
8704
4354
55290
279766
40554
15183
71711
140467
231252
2326
17180
2117
7289
10262
2992
6872
409
216438
67344
127602
100125288
102395378
5875
24139
279766
29903
1159
68040
50813
24058
33081
83540
3909
56259
69137
7444
80896
72775
7444
79005
55070
64777
9077
137392
221545
441273
15423
39403
39403
6407
71843
84287
22213
80384
2676
33288
39403
39403
65999
228356
79676
242669
3300
170392
36775
161357
170770
44291
16175
64777
3557
409
9
36775
400073
74437
75210
79741
96979
7978
60487
9121
9260
43228
74778
9404
213311
279766
214663
32124
79178
23547
38944
9712
100499638
79178
68371
57127
22259
275
3550
71832
79043
7919
56996
127495
2966
34503
55122
66809
84985
75210
17874
110542
56834
148789
30838
4595
27079
37230
44291
232943
33904
3620
3059
55979
56273
75210
2563
57127
35941
4487
6387
67145
66177
7444
9
9499
79142
66498
3891
4595
67231
83541
883
409
70335
91272
66498
74437
80308
9203
18356
103724
51058
79777
409
11154
9404
883
135152
16447
19288
64092
8225
26941
51182
6908
50813
64843
66821
20401
37387
7444
18412
6638
67689
14625
23623
1270
80308
2321
33081
38658
71984
77622
19334
4595
69922
354
4595
51129
221178
409
67344
38313
14460
50788
55599
73847
91574
55615
44291
67109
67315
36775
37511
100040322
4692
69955
10320
216853
2875
91283
27109
68952
79741
1973
223690
23921
50813
9554
268288
57127
70891
409
7050
7200
72775
79777
6895
33904
11520
7050
97476
433766
9179
66498
7444
320095
32737
38313
11409
51334
55615
70556
76627
66498
216527
32727
11181
68938
399
137392
23029
6297
91544
67763
1116
78246
3557
399
91544
10345
10978
64383
79656
56834
10309
4595
27109
21380
67605
227700
66498
80896
84287
70881
101206
109346
1393
105278
268482
6861
79142
13404
5371
7746
53917
78246
244448
6297
232943
60489
64208
34191
55615
83540
319556
227700
38313
4595
146542
67575
71523
67826
54555
76308
109270
3965
17305
23210
9514
64943
1973
31646
98985
3215
4613
79178
4778
67379
54469
83541
9364
91283
90523
229524
83541
227721
56834
22902
9
109284
67337
232943
57127
78246
64383
80308
16598
71983
7041
7041
71820
35940
36868
2184
44291
65999
9541
51250
84287
9499
235106
6638
12349
21357
9364
409
11154
71923
84240
22259
3557
44801
5371
6861
79676
234723
26388
72775
22378
27366
4595
69296
91283
3557
26388
84179
883
4595
51129
5771
80298
331026
109075
381308
33081
56190
91283
21380
244864
38944
55197
68718
381308
7041
21380
11181
68952
7444
75775
79656
5930
6638
80298
17537
20379
23399
2992
8148
227700
5498
67774
44291
AK140106
6419
67605
1548
26894
28987
55843
79156
91614
36581
217011
6638
8148
89874
9260
13007
27040
320394
51329
54555
22695
53917
101985
56496
26912
32124
57804
216527
8061
37123
73847
209268
51334
8061
55166
3855
550619
57804
19223
84261
6919
71843
34191
3909
75083
54363
27238
32124
69922
268395
269344
4595
54469
66993
2842
51103
107173
6419
32124
84287
3965
75305
91272
102060
414115
81576
23029
11027
11154
9364
4595
6604
55615
51250
54188
54188
6252
6615
7507
133383
286207
5771
38313
728568
64423
6908
3860
92344
25941
9827
222171
5498
67741
66530
68087
12295
51700
23399
110135
112970
10069
25789
51435
80019
8559
4595
67981
68975
70235
17855
7050
279766
4005
71920
50721
21855
106707
68724
9087
68035
71843
216527
6604
67981
14704
10379
4778
54469
7746
4778
67884
72650
3860
91574
69372
79621
57804
6604
74222
75706
65962
225341
69774
7050
27109
42762
76478
79621
14201
14885
85007
54
76478
27366
94111
246596
26940
51329
72185
42762
258644
27040
71523
71888
68066
8175
13170
107260
27040
59004
26940
54469
54469
54469
56447
83541
381337
10978
69539
15372
50721
9260
20717
215031
37511
80324
32587
382074
70394
70810
8718
22160
54469
79674
215031
3119
7746
2275
550619
6919
80385
825
929
66374
17192
27366
51329
7050
91603
130916
51003
20311
222255
3119
44801
258487
67981
233877
26273
64383
3861
77090
68938
8061
1120
929
110198
44291
113457
7351
84287
1264
11027
75387
28987
3257
44291
72042
54
57804
8718
10518
3119
80324
9104
320020
72650
77605
67774
17763
18972
51329
56953
53917
67903
11898
19255
32587
13537
79043
20494
246596
51058
25941
54188
122416
622208
73847
3234
56356
71981
27632
32587
7050
19400
5771
83541
90378
44291
69051
84287
10661
108803
54150
64978
83541
92170
69195
2118
3965
231931
279766
189
284695
526937
54
67605
56834
11859
66246
73847
79027
79043
79154
91574
76429
22914
245598
57269
115749
4005
822
283991
79401
10871
379
51329
59002
223626
462
72727
54150
57047
67741
68775
14085
40707
381816
197
208638
79109
1797
285533
109900
68938
83719
320095
213019
38362
40707
66355
69065
2949
81012
3781
37511
72433
64656
74325
8544
21940
6638
245381
3872
95
71962
16675
27260
107993
107173
20266
68775
54460
435684
79178
22932
8061
929
208092
388327
79178
822
74753
8195
230734
25941
10190
66078
7050
75387
67898
54469
53917
65971
92342
196051
8544
100128108
36868
72185
929
83943
5880
74246
12350
44801
27632
71361
217140
32587
21357
58493
14603
196410
63872
66985
67824
7050
5864
69080
15401
333329
8718
226122
32602
23587
18091
2315
14797
29997
237730
38612
71030
39877
432
57035
631145
56985
66990
57804
2766
213019
77090
8233
51073
75731
8490
2116
54469
54
67315
69090
219144
54469
546157
72482
8718
14017
63940
73747
9111
2623
6502
7050
76900
213350
56280
26940
201229
24547
54152
69090
74167
67446
7507
89910
104252
71361
51329
11846
22275
35941
51103
66245
6895
52585
77090
2275
320082
93986
68929
9324
67824
95
27280
109115
266977
10455
51700
6837
53857
2946
23625
42502
3280
32602
3781
63940
66990
27040
5557
79868
18038
59038
66078
71452
93323
1392
75731
23625
93323
354
622208
245847
95
3785
51147
6442
51147
6124
12015
12873
16548
67824
8061
51147
51147
6895
35940
80759
1070
42239
84240
64656
65971
80759
2117
25941
221545
2948
3208
67981
2246
3084
2260
4582
3077
5727
219902
135
29974
56649
2825
1838
56650
1268
3481
50507
171568
410
64849
5027
5027
4253
153830
10385
4313
4245
29015
55260
185
2214
55830
10675
3384
2323
6092
3140
55331
57502
1501
1889
124491
23125
23428
2313
3566
4168
3164
2813
1759
5354
43
3697
29965
388650
2542
2840
3373
266629
5260
150771
26580
26301
5207
10553
10195
63924
2348
55861
5320
6035
125058
1293
11237
53942
4052
63027
43832
1185
4238
2530
55033
2824
3556
114987
4329
5126
55591
56262
11245
2550
1910
257106
1960
5754
5091
3679
2548
124997
55753
11005
23154
478
55343
1441
51566
56934
60625
5588
26225
64420
3689
222962
10439
125170
1187
10548
4099
23646
196483
5345
2620
253012
3621
6490
29988
2213
10110
115330
5360
5025
2052
212
51643
145389
1201
3601
24773
51611
1160
5553
29114
3290
11270
203328
51374
4151
16334
5618
1954
367
54629
11279
23765
10752
23507
23348
283464
3321
57210
11217
148534
1183
540
57678
5365
23341
120103
154807
10076
3356
22999
23127
4052
4248
51752
259173
27439
10699
286223
646
3684
167691
151887
3575
6509
3547
2199
54879
1822
50507
51564
2905
4337
23348
1293
26092
10500
14810
4168
5798
6238
51390
283078
2244
4253
399671
634
116369
219736
51208
54463
1842
1999
28965
55
5327
2264
5826
55296
2202
10257
56666
1370
114294
11342
11120
2583
1259
1384
125
51200
2191
55650
25987
2057
5328
10673
333
4345
5106
1838
5664
1123
4055
1592
1893
10321
51000
200172
10715
130540
2213
3556
3665
1577
3547
151393
10669
5274
5228
5744
4582
5733
51338
27440
3590
127943
2705
497661
283232
127943
149345
5618
3134
3601
55861
51390
5443
5744
55861
527
259197
4582
4582
353133
2994
727897
79633
79633
79633
4583
26011
7148
1951
8029
5362
3911
55102
84629
1952
9881
8911
9321
65986
8911
65986
25878
6335
5563
64131
651746
9832
2899
9832
9832
340481
1294
133746
2157
9832
493
115827
220164
6092
83857
85463
493
83857
65986
81539
23060
57089
81539
9201
8609
81539
166336
1464
81539
146223
9780
4854
8609
80856
8609
8609
56895
22999
8609
5733
80856
129642
6579
81539
80856
80856
9201
160428
9201
160428
4647
80856
80856
6098
4647
10752
100131017
6579
84230
9728
2055
9381
89782
9236
9728
89782
9883
89782
11217
23129
9381
89782
219790
124997
9236
5175
85450
5028
85442
55558
57512
23505
85450
21
320
84624
57475
85450
118987
401647
56776
56776
728577
27245
729359
2137
23341
56913
28513
286148
2775
1955
9726
28513
113
83999
2526
3791
729956
540
10351
63982
23264
10257
28513
2822
3714
9508
10351
222166
9813
22999
206358
85397
7021
9187
747
7249
6891
10351
10257
3714
6497
7249
9254
6891
9254
9254
577
85397
10076
10076
1308
51752
9187
11248
7249
55326
9187
161497
9883
9806
9254
1244
57185
1306
63027
1278
9806
9201
84804
7436
259173
138050
55526
1911
22999
2531
3815
7436
8714
3815
3554
84236
55612
4643
9381
7504
56605
10184
9751
3554
8675
9381
8675
1006
316
55757
22983
8675
1501
815
8675
9671
9358
815
84236
23071
389337
1439
151613
116150
6869
57505
6560
9381
18549
8675
54868
6560
2530
143872
2530
375346
9671
9674
134429
146177
8788
6560
1404
55266
6560
9674
6560
90668
3547
26267
79649
9674
79649
256471
57758
51360
374655
9674
6529
53942
79649
54879
6483
9145
161291
1497
84502
79901
6786
9064
1536
8321
8675
54507
9064
14810
8165
143888
3757
54916
84502
94
54507
10220
2913
90134
6578
2049
771
83464
9955
2199
9332
1380
771
7088
955
8675
5754
79901
54507
84749
7088
94
80724
8675
9332
5754
165
4920
6786
7088
955
83464
4647
54898
5100
83604
7849
6786
57758
79901
8165
134147
1497
5754
730
92235
80724
51201
1380
8509
220963
771
9936
90293
7849
4337
84947
8165
642273
1759
6515
6854
10500
9187
84068
7991
257106
4594
9936
343990
5754
8324
66000
8876
66000
29094
79865
56928
7991
9936
57687
493869
912
84068
5100
55454
84749
56928
7849
4023
152559
9236
5798
943
84662
64863
29914
284992
144110
79856
23649
7849
27242
57704
2137
5837
943
79856
376497
91133
374920
221079
5019
64403
3757
55332
1584
255877
6689
6405
6689
9187
634
84561
157807
6689
90293
94015
84000
404037
4294
64403
9076
84561
89801
146223
27092
2824
54567
81602
90293
56649
25840
8482
2912
30061
151
5837
28514
55253
1577
1584
6854
84925
8482
84000
90293
634
2775
6689
405754
1840
101
57168
933
22999
57326
8482
3700
284439
94015
2331
2905
7059
245973
5169
6581
634
81602
23428
7059
9479
7059
90293
3625
57622
3757
203062
353376
3700
634
11120
8325
933
920
116369
4948
101
65258
7148
65258
133308
920
933
90293
4157
245973
5588
79157
2670
118924
4948
84447
84447
56666
90
80256
151613
1901
79583
10826
101
933
8404
10384
79583
8404
65258
7070
7087
57030
79157
65258
54507
114904
7409
3556
55503
10384
26167
79583
151176
2264
8404
147381
221955
9427
55532
9427
56667
7036
7059
717
3621
81539
90
151613
7409
94005
9692
55532
84548
339366
920
717
3621
920
79157
7409
6775
90407
3642
133308
2264
79157
920
51393
9692
1203
947
10365
79157
4669
6775
124411
10457
6603
9154
933
83999
57210
90993
10457
10570
54760
55113
79157
2993
2139
24147
5193
23761
84548
81557
57655
65258
2330
8404
64645
9071
1842
8535
9154
57655
23127
79157
2686
23596
947
81557
91289
2157
4129
27248
133308
2628
9071
81557
440138
4674
7369
81557
8974
7857
10752
113
8974
9236
9056
10715
3792
8501
8532
84617
27254
1910
6891
2330
4189
9358
27248
1123
221955
27239
89801
90134
66000
7369
9071
81037
55277
2139
6609
80195
6609
113791
200879
56548
7036
717
25830
3757
590
6518
4285
1123
79089
27248
10699
8703
1723
91252
91252
7369
8703
7718
3764
84548
113791
83890
9358
4318
8501
1839
1961
3084
84824
3084
2542
8703
10384
84824
5733
55297
7080
92270
84617
79574
3854
79574
79703
81602
1510
80221
9692
6609
4320
3818
9056
8741
8532
6253
2331
130540
219790
213
8532
722
1577
84000
8974
81029
79574
8974
80221
84000
8741
89870
7805
3783
112609
54879
9488
340061
3426
6583
51000
8741
11326
8741
653
80221
7080
84617
9056
2670
170384
7044
130540
81029
1510
80195
80352
83890
8741
80221
3775
80195
6296
51000
9154
80195
6804
129787
80195
80237
253012
1735
80221
80195
175
8741
8974
9220
7781
8733
6948
80195
55277
80195
80195
6804
80195
84824
7044
54938
175
5025
5733
4070
80195
84617
54938
9143
83890
6253
717
170384
2995
4693
174
5733
84975
65989
80195
9976
5106
4240
175
79703
55277
29988
9358
2532
5025
24564
2330
127943
2583
3373
43
717
5733
79089
151393
2124
6948
6423
3077
80195
3061
3084
5733
710
652
203062
220359
114294
84617
137075
80352
84617
84617
26301
3588
2912
5733
84947
8714
525
84824
6005
79887
5360
65989
79089
84824
5733
11326
7481
80221
717
254531
3235
7364
6094
11314
200172
542296
441027
4240
3665
79609
25907
10954
968
770
11326
51524
84830
9452
5228
7454
51643
55
1201
2670
1379
710
84068
10385
64231
84830
146439
6783
84824
2137
5025
79748
340061
1201
968
1893
5618
79609
319560
16516
276770
65009
98758
56397
20679
207181
554327
80890
20729
320604
233079
74326
12394
77031
103583
17318
22631
207667
72278
13528
17840
21885
75607
11980
12395
18190
78832
234797
114893
330177
56703
78697
236732
22310
53357
74100
242608
21665
56490
378702
76448
100041734
22411
105245
12370
104799
231086
21452
18046
18741
19826
67671
54446
20511
19883
85441
23964
239857
24136
19726
70673
70673
268977
210293
21844
98415
229474
56417
53621
60599
228361
75646
72462
18187
21990
54825
18762
14600
433698
210106
71137
74203
217218
74203
14805
18181
16874
170639
19244
16874
113892
12180
53621
77059
54883
57439
16514
268996
11431
268996
13929
231801
13599
16478
29819
73804
56086
22375
59008
83796
22759
59008
381654
56046
18181
236366
12752
53610
80886
18741
16870
245109
59069
56868
115948
21885
11840
73526
13437
12509
18247
66826
67239
320975
57246
66826
19656
23950
59044
70127
434233
73255
100041734
67528
66058
51207
67282
554327
16592
108121
19921
19946
68436
71025
78654
4035
57908
23966
1768
254065
215690
13869
22284
227723
209683
73692
242466
16401
109880
74055
16656
208043
70974
227723
231659
12014
20666
75137
18750
23794
319758
407823
59044
75580
13839
214150
116838
116838
28240
116838
225876
101706
104015
17938
104015
57479
U58494
18187
20020
18187
18187
18187
210982
72895
242509
320473
57246
237823
71795
208650
228005
225432
78455
19272
233744
225207
238988
101401
13649
170439
100041734
12013
56417
105000
98733
229791
59015
13367
72344
13052
27062
27062
67263
20112
17261
18115
16728
71279
12142
50523
30841
267019
72504
6543
104570
217734
216856
100763
68837
170740
56307
67952
272589
263406
347740
105246278
57746
57247
207393
12983
24050
54446
78521
320460
99382
320226
20239
108934
101613
50527
243937
235469
240058
107975
230753
73178
19106
19246
21844
19243
68259
268857
65960
228545
M73818
56045
381598
100043034
105246278
11964
108943
277463
57908
319765
56045
17318
216028
13018
22717
18996
626832
18641
116838
53357
101187
66713
97884
20473
100978
66875
16842
99375
75751
75753
17289
53621
20755
30841
16842
112405
67427
13388
93730
103784
74100
67532
18020
19084
77591
17128
72772
229357
75304
74100
94284
66983
70999
243653
21849
216976
100532
65009
381990
83813
226548
59058
11702
56241
74410
19248
14773
74100
70127
30878
270028
72674
13629
110877
83675
230959
13063
16600
338364
252995
230721
83962
22032
83435
71702
13654
170938
231801
14751
381759
232989
226548
338440
83887
66776
67528
12453
67529
12974
14645
15220
338352
21822
74100
433406
319615
56248
54401
59008
59008
101240
72278
252995
228983
67956
114564
23950
97165
59050
78672
13649
319190
381801
74100
56306
22411
66105
22195
74100
100041932
18510
18263
252866
230721
56258
56550
81011
13865
54352
78833
16792
320604
17220
68026
4223
19047
84109
59069
269623
241547
16599
16842
18173
76302
168544
19384
400713
56644
232409
18181
59069
224694
80707
68107
66101
14228
320951
13200
18181
20511
20437
13034
11921
74401
22630
15481
252995
12116
20425
59014
56455
11801
100503670
X96606
56334
268857
15115
115948
114871
15382
433759
59053
68051
69082
66832
71956
12462
56351
66589
193742
266781
319997
27053
AB055854
101602
67552
236539
64818
70350
12417
22375
22116
13806
22116
71903
390110
52639
15382
20438
102402
16939
54196
554327
13627
51207
384281
71841
57436
114671
541463
234797
12764
13052
22143
56043
67622
BC021831
12519
66826
71270
68927
100041806
AK015425
73121
30960
72716
383548
57905
76229
78523
75204
18035
66425
380686
545124
232157
68239
668343
319552
18674
68045
449000
76803
74601
319146
100041932
21402
21766
58810
74061
19883
76281
66191
11677
20104
13052
50928
51207
75211
11837
56057
18292
68312
68133
14600
56420
20390
15382
67944
11740
73178
386655
59069
68308
20611
66910
20918
69371
554327
20826
68135
15331
68250
BC024416
232989
17938
627488
26442
70009
554327
66508
15312
215866
56760
53600
57429
69202
11984
100302634
59069
77248
23950
17938
26451
68219
619719
66494
554327
15078
75858
77857
94043
56760
16765
67524
65019
66910
66336
67528
22121
56530
75677
AV216984
14325
BF166000
17840
20115
20091
BG067289
67115
71581
56760
67282
50523
14004
68576
67868
71826
BG065705
20088
67281
16643
20088
414318
BG297038
20088
BG966742
73708
BG070566
110954
16592
170942
66101
BG069080
BG068672
BG066746
67528
20630
17841
BI736050
12866
BG071600
20005
268373
BG069109
76585
26446
BG976607
BI651113
BE951647
BG070910
BG069857
BB794742
19944
BG068807
19899
BB051562
76846
BB158810
BB335101
BG067993
66197
50518
AW555368
BG071002
BB241135
BB097040
BB016866
BB193921
73737
BM241271
BB043897
BG069991
BB017018
BB080140
BG074624
BI076698
20655
66101
AV271189
BG068591
BG076325
434423
BG073432
853213
101165733
10940
851608
856492
855380
854969
850659
852161
856279
856494
853236
853212
856499
4363
852920
853231
851415
852264
856913
853233
853198
446296
854781
856630
856137
854883
852311
852259
855529
852173
854872
853026
80843
854070
850829
852366
853801
851527
856668
852709
856071
852980
850403
856745
852876
854764
853153
854386
853061
334375
853053
855348
852857
853356
854666
856423
851462
852738
852159
851246
855927
850942
853045
851857
850312
852271
853832
850686
852292
850841
852670
852764
852862
851687
856353
851756
851807
854495
856335
853710
856438
855879
856810
851115
853418
856690
852063
854886
851775
855020
852121
851902
854447
854651
855608
855753
854765
856517
851488
852583
853405
852066
854538
856813
856629
850502
855619
853663
853139
852360
851616
854275
853104
852429
850778
856496
851888
851380
855630
100049418
853473
852108
852623
850845
850893
853267
856819
850770
852599
852946
854130
850963
852332
852716
850811
852149
853216
851352
852092
854188
851634
852521
855176
856694
855355
853276
855502
855369
853111
850536
850710
851627
854685
855023
854332
856733
855029
852589
854857
854925
852044
855422
851376
856398
856789
850319
856788
852266
852482
850314
850432
854556
856669
851211
856444
854911
854919
852825
853472
856658
852436
853102
855335
853679
853510
854030
850343
856638
851223
853019
851763
852565
852586
854721
852543
851506
855444
850798
854127
855705
855653
850605
853392
853455
854683
855061
852872
854772
853677
851537
852389
853042
852506
856365
852498
853725
852179
852654
856002
856243
853581
853528
853820
851007
854144
856054
851625
852094
855284
855441
854359
850900
856271
853780
853052
856533
856716
852370
851493
852590
851535
855723
856925
854419
851238
850305
851256
854371
853281
850871
854071
851429
851931
852324
101163732
855949
852504
851582
851021
850706
851581
853538
851069
853543
854769
851323
854266
854670
855593
856660
850478
853785
850456
853009
853196
852937
855315
851348
853747
856050
852314
853304
854170
852637
853203
855229
854714
852522
850745
851866
853916
850295
854396
855691
853763
855562
856451
852844
852456
852343
856475
852919
853607
854109
853692
850844
851649
853357
853464
850704
853706
851785
855886
852335
850385
853882
854310
856541
853693
854081
856602
851597
850433
851308
853199
855394
850308
854057
853325
851547
853146
853201
855969
856606
850348
851304
853753
854231
854930
851516
851701
855527
855971
853366
851282
855383
855411
850602
851819
16201
113451
150709
18810
1879
100101467
18484
11278
13427
170823
11107
11909
152185
140795
17248
17765
14158
10046
10643
18028
11350
17258
13386
108699
1879
10933
107986453
12310
13800
18080
11787
11907
10869
14269
11491
13002
18578
15572
23193
121441
12848
13047
17005
114134
11146
15444
11329
107986453
13047
140810
12753
13435
12419
12912
12361
14268
14268
108655
140890
14924
12725
16568
166968
114874
15574
100177
14758
1808
12727
100737
13655
16981
14758
1139
14758
18685
100273
170082
12321
14688
10072
10046
6897
113878
13730
1000
14615
18569
18197
166614
12785
108652
11107
125488
11311
123016
123016
123016
149076
123016
17754
14479
16561
18541
108829
16536
10396
105445
11977
11515
14924
13690
11988
11987
18607
107823
18708
1793
14852
18595
102103
110611
18583
11517
18472
1729
104625
105722
14402
110809
14211
13640
103573
13990
106794
16452
13593
18805
18439
51520
12144
104263
14302
108086
161
10525
18577
18519
10514
100169
14000
16835
17472
16709
103135
13822
108150
150709
104681
11819
10210
110920
102103
11568
12807
108013
108013
16201
11800
87
1015
105348
11909
103098
100121
12387
101592
116914
134957
105440
11168
16497
140742
12545
17246
11416
102334
100689703
170791
14884
10312
18484
12367
16201
14313
17183
14030
17858
102334
166614
15926
101930123
13711
1195
14359
101930123
108645
105351
12033
103836
101502
11107
11146
107770
13024
114134
11107
1879
12310
ENSG00000248710
ENSG00000174093
ENSG00000174093
ENSG00000174093
ENSG00000174093
ENSG00000174093
ENSG00000174093
ENSG00000174093
ENSG00000174093
23345
23345
23345
23345
23345
23345
23345
23345
23345
23345
23345
23345
23345
23345
23345
23345
23345
23345
23345
23345
23345
23345
23345
23345
23345
23345
23345
23345
23345
23345
23345
23345
23345
23345
23345
13518
11426
13518
ENSG00000174093
100288142
100019
11426
13518
8674055
69116
229227
8674055
230895
230895
8674055
8674055
235439
65246
57221
59026
41171
41171
41171
41171
13424
23001
18763
5310
5310
215008
110350
164832
80892
225631
320706
18986
18986
18986
7840
18986
14365
73884
19090
73884
73884
73884
75547
353211
4288
100683
13003
216965
22288
54604
215008
100986
55023
11920
77097
18015
214444
17101
327987
55870
285527
6526
4288
22688
192195
271564
16500
215008
215008
55814
12168
84726
26422
269254
214899
7354465
64397
64009
75560
41217
71175
83946
75560
11481
19714
414872
51132
338372
235380
51132
71389
71069
71069
68564
71389
375748
224111
24127
22589
80005
71175
93736
319670
9743
81702
41217
236266
240427
23345
21676
50876
200576
21676
50876
12316
192119
89795
43749
44505
60344
1832
60344
70790
89795
70790
60344
45840
68842
18080
100502841
12121
27223
73473
12121
67120
13003
27223
21676
19386
9743
22661
43749
67459
43749
16974
16337
22253
81000
67120
71069
76199
81702
107513
67074
22253
665033
67074
67074
45840
43749
43749
80853
237860
43749
12874
320615
45840
20402
244059
20742
75302
320011
237860
106585
207304
319817
99003
17222
319817
22853
70432
18706
26960
75302
26960
26960
259302
26960
235132
68842
217843
108686
23218
26960
26960
70683
226747
72033
235132
26960
26960
77087
13518
69863
111173
328572
70508
11990
80297
20822
2475
77087
213054
2673
111173
110876
43749
23347
2673
72194
213054
26960
77782
93871
107182
51869
67295
55127
75410
19291
23856
196528
64397
75410
20658
64397
7094
14268
56784
25836
18536
45840
234594
234594
26037
105203
235626
99031
56637
56784
56784
268527
25836
20742
74570
17975
108857
56784
234594
12361
192786
44505
171463
25836
71902
192786
243548
67772
83990
10973
85465
70799
66923
68795
25836
68795
99031
237711
245000
85459
18704
14270
20740
74570
11736
270627
57695
239528
208440
19878
216274
1832
4588
38605
20740
99031
76707
25836
23379
192786
14924
12648
105445
15463
243548
268527
26037
254225
44505
80208
14924
107823
320165
243548
22401
77579
26037
26037
104806
253959
253959
22222
320487
105445
25836
75763
78913
67958
64930
77782
72193
217692
64930
64930
235567
243548
67120
57082
76707
218333
8540
69131
31322
76707
19775
19268
69131
253959
331401
622675
253959
253959
253959
253959
622675
226519
38605
12572
57082
67958
14924
76022
22894
781
440193
17979
17475
213109
23317
108989
93871
76022
67120
269593
17475
217692
22894
253959
253959
253959
253959
8899
80208
26960
77128
1953
75725
22874
17475
64418
17356
237782
70834
23392
70834
218756
18007
22682
319675
11603
29875
116984
70834
253959
19377
244879
228880
71101
19713
78908
13589
110651
64418
4820
100710
23856
224088
18640
18007
16975
216848
55719
57214
20658
25836
23856
45840
23020
26960
57214
224088
13003
12043
56191
160418
243905
243905
269473
319651
243905
13004
56404
18973
22031
56191
237542
665113
67299
67972
57214
269252
19377
665113
66185
237542
277250
26130
226856
16561
20482
71643
55914
226757
74355
56531
67299
208439
226856
55914
665113
26130
18087
34665
67785
269252
78255
22764
23856
98732
78255
64009
22031
9735
71458
216345
20661
22868
22764
26130
70834
235542
57679
56403
78255
70834
348654
545389
56403
22868
70834
20482
238161
238161
238161
238161
238161
238161
238161
238161
55914
56946
70834
78255
65268
55914
65268
71458
12704
242474
65268
69091
78255
78255
226151
230257
76007
72007
56946
56946
56406
56946
16574
71458
65268
230257
348654
20661
55914
237943
22868
33881
18786
65268
71458
83666
77371
25836
77371
18605
25836
57589
232286
65268
72061
27392
217995
65268
65268
28042
65268
65268
237436
237436
320632
65268
65268
20773
19317
55914
83921
79680
78937
65973
66870
65268
65268
227449
57589
65268
59079
228790
99470
239510
66870
75974
4940
65268
65268
65268
12189
65973
66870
26130
69675
65268
65268
241944
18616
66870
83921
65268
73158
320129
319604
20482
76044
226255
140780
75786
99470
320165
271981
320129
65268
65268
59079
6533
6533
432508
59079
70297
55689
75786
19014
71960
433586
66435
226352
14155
74493
19017
78618
65268
51886
65268
56314
192285
3354888
80750
41114
68187
19017
71960
103554
23268
109181
65973
75320
22385
107932
20817
23806
385658
6533
170762
22984
223870
374354
67878
253959
253959
71960
328417
18139
213452
68968
19014
22427
240068
374383
66724
76895
218914
58180
23654
218914
79264
12815
192285
14815
29809
20230
192285
233905
114715
50793
80913
50793
74392
77519
80913
77519
66874
216742
22427
23792
80913
65268
253959
253959
18754
56404
205147
253959
253959
253959
253959
253959
67878
70699
205147
223455
80913
20230
8289
109333
59079
74320
20230
159195
20926
238161
81898
21848
235682
22034
19877
217578
67300
20230
65268
65268
319448
205147
205147
21366
68585
230233
67302
253959
9354
24001
107358
208146
71458
45840
70122
24001
9354
80913
45840
253959
253959
253959
35004
79264
71900
17158
35004
35004
74838
21848
79982
20403
74392
34886
128239
140630
33881
19713
18572
64418
230594
80000
99633
161424
16775
79264
18021
6323
6323
6323
6323
15568
216188
208846
240064
208146
75717
208846
14681
218210
36436
16403
5420
74143
20403
6323
6323
6323
6323
6323
6323
6323
6323
6323
6323
6323
6323
6323
6323
6323
17883
33248
73192
33248
22034
109700
66691
16975
17250
74143
6323
6323
6323
6323
6323
6323
6323
6323
75717
34665
70422
72301
18186
34665
79982
33881
5420
34886
67298
69257
33007
33007
16403
208846
161424
80913
41114
29877
226517
107449
55982
69257
344148
344148
344148
344148
344148
344148
344148
192193
226517
226517
41114
16011
71409
38605
14020
32179
32179
243219
34886
67155
93742
227449
67298
64602
12801
74737
33248
217232
109676
344148
344148
344148
344148
19221
217232
26921
12725
17535
217232
6597
21812
382038
544963
21848
224170
26419
170707
76967
26409
219249
237436
78796
33007
227331
210274
210274
210274
58172
33248
344148
210274
68693
227331
330401
210274
210274
212880
210274
23511
210274
23189
232339
6597
217232
329739
278279
114713
67298
210274
210274
1981
210274
210274
70472
26409
45840
71710
39145
23310
344148
344148
344148
8507
21974
51091
8507
212448
22995
41114
18004
33248
71063
226252
66552
71710
109910
210998
26921
67241
9639
74996
23189
33007
19664
6597
76251
108954
269424
1981
26921
3355129
214290
210274
227399
269424
242860
39145
1981
68585
52635
210274
80732
26921
102607
74996
1981
575
58250
210274
15277
269424
67072
8507
58172
78658
84172
54189
19664
26909
253959
18004
1981
22240
76967
13418
7644
69257
214804
24086
109676
269424
12166
24086
212943
22995
50771
68497
33881
80732
33248
45840
33007
69257
67878
72567
20250
16195
212943
72567
78798
50771
54189
19317
22240
54904
55604
67382
84172
252870
253959
227446
228880
68421
353237
80732
18004
55604
19267
19664
217718
7644
66356
19664
39145
8507
39145
344148
214459
37000
110616
54874
80912
80912
30944
39145
78798
68018
80912
7155
67072
84172
227446
23189
2182
18968
34886
66313
231866
18004
24086
214764
80732
6597
39145
6597
32544
54189
6597
67382
6597
227334
3355130
51786
68549
54189
34886
72567
26407
1981
39513
353236
84188
320633
68018
50790
67138
34886
231866
67382
84172
244891
20318
446697
22240
23277
353235
101685
78798
70052
80036
79977
22782
22330
105522
18764
27103
74053
74340
21973
225131
74340
77938
80036
76740
18145
56077
39513
80036
80036
432486
214459
39513
80036
636931
81910
58231
52398
68904
240028
228880
231866
75964
80036
17076
76594
80036
58194
38160
6453
6453
80036
52837
74053
80036
19360
224170
6453
76800
58994
77938
228911
34665
80036
109135
80243
27107
80036
80036
43222
43222
494115
78798
80036
1981
235559
70599
56376
77683
13418
231380
80036
17936
22215
80036
232798
106064
71834
23189
5740235
15925
32544
45840
77683
41899
74522
5740235
5740235
74053
32544
72584
80912
228880
84172
68904
73288
228880
53902
6523
225131
6453
1981
227334
93707
20318
39764
213119
6453
56376
2182
20168
75415
68166
7343
494115
54375
15571
101565
68526
22402
72584
231452
18130
67897
74053
54375
237422
114874
5740235
269582
26032
14390
23637
271377
6453
71834
20318
31602
83992
100177
50790
52705
54816
56376
50790
218214
54816
6453
20168
52036
84172
66978
71865
35400
207958
207958
68526
227800
68094
77683
9344
75415
6453
17930
77683
70208
80281
71865
6453
83992
215351
74053
19651
70208
74340
54816
218236
27103
66356
22215
19650
229473
66315
13593
225131
19651
74164
237422
52036
235574
52906
68526
329777
75669
8895
76295
107815
84172
54375
12662
6894
216760
80297
20623
12558
67897
23383
107508
69131
56376
207958
192786
6453
66356
26932
209737
68770
71148
80281
20979
100416706
71148
72020
269682
7343
3772376
28018
64009
80281
216760
6453
253959
108154
39410
76051
6926
31381
226412
319719
20623
9918
19651
70122
74388
31320
76055
6894
55320
83992
10845
41217
269788
71148
211651
6523
235542
80036
80036
80036
80036
15251
235574
67040
23856
11787
67040
18141
32544
56200
39410
66356
68166
21888
78797
13030
20979
21888
26412
6926
380664
13803
20979
284403
31320
329777
80036
80297
101490
58194
68053
58194
24135
284403
70122
78656
58194
12492
21808
24135
80297
18080
7343
12611
23856
400931
69440
68094
56376
74841
14160
43222
80036
22019
150094
224938
99683
80036
107815
108116
50850
50850
52036
55935
36436
32544
21888
235574
84505
76246
9344
26412
32352
72656
218693
80036
14924
375748
80036
226976
38605
57443
76895
105504
19317
15525
26412
67121
18640
71148
234663
67760
84505
84505
102093
26900
353187
244329
7343
80036
80912
24135
207615
71148
72477
12847
74125
665113
13211
68094
9344
54375
22763
110524
67988
320717
22612
11487
70572
22344
68734
10135
34044
23534
19889
19684
38605
105559
26878
6773
34985
15490
225523
27377
210933
226744
229363
207425
400931
67769
6773
34044
320150
55388
55388
224794
74164
78797
68734
74044
76895
207615
71382
101118
59027
44505
66625
54343
117599
31322
34044
216119
234076
231238
67414
9026
72117
105559
45840
67075
20616
408068
78656
224938
13666
18789
78656
16709
18099
227644
34044
50767
320799
71371
67943
114741
73447
19134
320806
14115
21841
34044
70693
11491
68944
17184
71946
73668
45840
70238
380921
12153
63925
218693
211488
50767
269400
53614
103135
21841
52615
9869
9869
15357
41428
74522
230125
99586
22758
2956
76892
71382
269400
31381
210274
20501
67452
20650
1894
19889
210274
23534
50884
3772376
68031
70998
44505
210274
54524
14083
18139
74682
19646
27368
3355130
50884
213081
73668
42169
68031
35004
226591
56453
16835
74741
219103
11761
227644
52615
83448
74682
23881
67453
50497
44505
74164
20616
208968
40739
5610
68031
33007
33252
74026
212483
13121
20616
41428
75841
18669
217732
67534
67420
67420
68031
210766
23451
320714
41391
68549
74741
41615
14115
67490
13003
210766
269400
63891
238386
23881
212127
94221
22083
283820
269400
74741
223752
41217
41217
44505
213895
72133
225283
94221
66427
241627
3355072
21843
66881
54816
17688
70650
54524
57650
3355129
76582
54816
28114
56210
70885
70885
74315
68652
66482
23881
23881
76804
217732
23955
19712
53334
67050
70747
23420
59040
9462
81003
5740235
76843
77963
9462
16563
31221
241627
56453
212898
31381
54874
201176
18475
9462
227800
53951
338467
44505
68292
44505
433931
59040
73447
150709
381511
9462
23534
74330
23881
338337
35400
76843
15574
79202
217732
23849
74741
319996
78825
44505
84092
50772
170822
209478
79882
269400
76804
50772
79882
68272
70885
74102
73447
217410
236930
381511
16412
68145
1894
20687
79882
44505
254887
3551
55980
170822
381511
50754
35400
20616
93742
84092
2956
225028
269941
19684
21841
233489
55719
170822
58194
22130
217732
12569
94186
23360
67712
19155
22690
32799
68519
233489
71745
20616
24018
230598
99929
74533
20397
52822
233489
381511
381511
71521
22612
20360
269704
59040
70808
34321
52563
70998
77053
66505
25976
241627
3551
5610
8289
72129
327762
223752
56392
217732
319996
67075
36743
20334
9439
AK038224
20687
1894
9439
218629
52822
24018
328110
76763
80036
9439
50754
80036
67072
226844
74006
269400
2956
41428
71653
319583
9439
3551
83992
23242
56392
20168
26428
55947
69053
74006
72611
25777
3551
54874
67040
224860
58799
21888
70747
381347
80036
216549
58799
239393
218543
70561
80036
80036
11502
18451
22718
208968
9988
13823
39410
2066
244713
20360
25976
319996
39410
223593
3551
53319
208968
109624
74006
20360
23242
374654
41428
21408
26428
210135
32799
16579
229782
233489
93790
77053
11774
80036
7621
101994
384783
54161
80036
80898
7188
9988
9439
22592
328099
233489
3551
25777
25777
2066
11502
2066
142
20360
20133
39410
54904
41428
63979
40659
37708
7188
7188
217944
283820
83448
233489
80036
216549
253959
44505
24061
52013
80036
253959
57753
9221
52822
2066
77877
27275
9988
20527
27418
40659
2066
41428
320938
58212
66505
83448
380921
69276
242083
74053
64291
143684
2066
23242
2956
63913
66848
74006
14545
100177
244373
74205
9221
80036
319996
9221
20352
17686
68519
23242
39410
66866
68031
244421
2066
55963
56298
66196
210135
210135
21780
72480
31026
56041
94186
66897
150709
218314
23242
106957
39111
20983
56406
67225
214742
22215
57130
67225
71599
210135
240869
20340
2066
77053
29933
80902
10885
208968
80036
9462
20605
3355072
210973
44505
229709
70351
9462
13521
22718
108013
216549
56191
7415
21969
56899
56899
210274
68519
106205
56899
56899
75612
80859
56899
56899
23193
26466
58194
19024
67610
2066
10794
19056
18213
40659
56899
11545
72061
9462
210135
35037
214742
57589
23242
31628
213760
52123
74006
40659
14420
31179
5740235
10615
54141
56899
67561
320267
56899
45307
45307
23242
60528
70351
23242
24015
231329
60528
74205
67367
77045
87
223601
236790
56899
AK046779
54845
68519
319996
64945
68585
214084
207615
56399
9988
12283
34985
72133
106205
54845
64945
71599
157313
225164
40739
6894
71599
37890
210274
29933
23242
380921
209462
3772376
56899
56899
80036
380921
56899
56899
56899
73288
75805
28185
71914
71599
214742
241556
5358
56899
41391
12153
228960
71653
57231
23242
77053
20529
20218
213819
74053
3772376
56899
228960
23857
56899
16563
64945
227619
56899
68585
13003
270685
68646
35400
57231
66244
79882
115426
33262
16164
193116
23970
69587
255738
270685
330836
52822
50754
64113
87
210135
24051
67487
AK033161
252875
5358
20336
72662
58194
66511
23242
22234
230376
225363
228960
74182
268390
12385
232560
35004
56899
99167
8507
9462
228960
73288
5610
AK037080
25976
268390
23301
23301
23301
23301
23301
23301
23301
23301
23301
23301
75424
60528
231326
72759
23242
23242
23301
23301
23301
23301
23301
23970
18798
268390
66660
18640
191578
54845
64113
9988
23193
40739
71599
72720
78283
56899
233276
69981
17850
68646
72826
51810
12724
3355072
34665
67581
6453
79882
259279
35400
71835
77041
237465
270097
201176
66385
193116
6453
6453
23242
23242
76775
23970
321000
212153
237459
103963
74182
43777
56298
64945
115426
50493
19357
74125
93742
5358
232875
80859
73274
35407
270685
74182
225182
23193
33262
39111
210297
41428
43811
20360
71726
329795
72415
19262
382423
57231
66661
110750
269061
56899
70757
35400
77053
99167
24017
56899
14083
109113
414101
12151
3355072
18700
74182
9271
209416
23301
23301
23301
23301
23301
68646
74467
55341
17217
6323
6323
23301
23301
23301
23301
74315
107528
55656
66511
33262
39111
66511
12338
269061
70361
18415
31322
41217
12751
42169
74356
210933
66660
71151
76775
98386
54796
56899
20873
56194
5784
73274
66975
20873
66867
72065
12339
52822
66975
76775
6453
16192
56899
80036
63979
6453
19024
211948
37089
65020
10270
42169
63979
67996
69617
22339
22339
43350
54845
66975
23857
3772658
237782
433864
17997
381314
68817
6453
6453
12193
19275
34985
54845
19325
50753
51747
55738
225182
23242
23242
13207
80036
76775
18201
56419
74182
72949
545938
76217
31139
57231
76123
13039
80859
3313
50493
64318
66753
67245
19262
55656
12675
72649
6894
67041
108123
38160
10973
54796
225182
34665
76775
170760
228421
20873
51813
54796
12675
23301
23301
23301
23301
76687
66634
57782
23301
23301
23301
23301
9156
14042
15505
22339
22339
36922
66631
10112
18718
18949
215446
225182
3772376
210274
329795
99167
22380
99167
31139
6453
6453
64783
72515
94061
2151
36743
35496
14629
237253
24086
269470
71819
9462
6453
6453
66511
72656
83493
16210
67229
5139
54796
24316
19210
39764
54796
9462
104776
104479
41217
50493
9462
40739
109108
36922
39764
55656
66816
3772658
26973
19299
66634
34237
9525
338372
104662
56298
213760
35499
74182
74205
51813
70551
63979
20616
31139
105837
229731
24128
32938
43792
63979
75725
57782
42169
55732
6935
20603
32938
66631
6935
5356
29809
32938
29127
71713
321000
56736
71710
56195
67306
29127
32629
74132
83666
50781
83992
71927
2066
56191
664779
226144
66885
134957
102632
5356
231600
68095
37547
50720
54609
22339
22339
26973
54796
23301
5358
54468
6453
32398
64783
17692
381405
6935
23301
56325
70351
19222
233058
11797
6935
1195
781
781
67684
6935
75420
1503
19219
110956
6453
6935
81535
56316
80036
101476
225791
77113
231769
781
208647
20515
268566
6935
70349
50493
55738
72198
212772
52440
268566
74106
23808
66869
24074
67292
54796
224902
98267
781
14062
22644
2151
14679
213760
53312
13171
67292
78797
106504
74132
55738
93888
225348
53312
55244
63979
781
40607
18861
20479
56125
63979
68585
67163
229700
26942
93790
42169
320267
26524
8663
19219
212772
66869
781
5358
71268
781
381845
70247
781
101739
83666
83666
231600
29127
54195
67454
24086
32398
39513
66898
1503
31221
226144
32398
56191
235504
34237
781
39764
212862
54195
8663
93742
66880
23144
23144
66270
22196
66315
74132
13043
16319
781
14030
32352
59030
71268
23808
218035
55112
55112
9156
27401
71891
9156
31026
40607
18685
224742
39764
80743
75619
101351
21827
269536
55112
67045
319475
55738
320806
AK039341
32938
66869
69048
32938
320806
31491
74467
16476
23808
24001
55738
37824
224903
54614
AK048225
231600
55738
72568
74467
83666
231600
43350
72568
6935
74356
9439
105440
26965
37547
22317
65114
8697
433256
433702
71891
320806
105837
3354992
380601
235504
213760
40739
781
229780
30947
675812
14661
243308
70466
74132
6935
101185
226144
40739
93790
70791
8663
23242
77116
27401
66270
55578
81669
35717
319475
54881
380601
101100
57750
110834
44505
74580
51944
99138
233726
35717
AK162735
54796
54796
22820
320438
13043
244962
3355109
66877
6935
74528
39764
231713
4176
30930
76784
100434
6935
20429
403521
231503
73545
21821
63922
8663
20897
19366
103468
5315
11472
19822
52552
12747
40739
69207
79263
31491
320806
23985
66899
330050
55112
6453
36743
6421
93790
16536
55112
55112
64291
83666
71177
83603
26934
79263
55112
69207
93893
15526
102141
8663
110157
55112
55112
6453
56737
68059
37890
17175
32938
67486
83448
16536
31949
67471
79875
43811
56736
20897
232560
382117
22680
72175
43772
233406
234875
52665
25821
214489
320506
50797
74455
55578
22099
233406
83701
54414
78514
224143
16536
77116
38605
79882
30930
32938
99982
4176
19821
18392
21788
80243
41899
70804
67161
1665
83701
232196
76784
54881
54796
20841
58193
27055
67118
22889
29933
68140
77048
83701
222663
26524
55578
59030
66921
25821
67967
30934
56048
6897
4176
43786
32757
40739
21788
72039
10657
68058
74185
67072
99889
39592
381510
32938
222663
36095
55578
32938
64291
32938
59030
222663
18213
19652
245610
32938
255738
34292
40104
66899
6897
19230
43777
233406
64450
192174
5315
31179
65973
14681
23885
16536
19822
9229
231600
216190
57316
12589
31198
75339
55622
319475
23345
33982
50908
66899
52665
57750
26524
72265
225348
227210
26934
58193
66887
227197
238037
9229
20184
34237
26934
381306
66270
71924
74455
67166
23345
25821
32938
74112
65973
68792
124989
66949
54796
319475
33136
26951
216197
20168
32938
50908
67418
64291
57679
54414
10657
56736
19822
22137
43350
55578
71988
43811
31320
83992
83992
109359
29933
242585
99889
31072
31320
37547
56442
20897
67437
79464
9904
9904
9904
100465
71929
19224
237336
32352
65973
31949
320720
3355125
14313
114716
12545
18597
24017
68792
43786
18516
32757
42169
72061
4677
222663
212547
32757
56095
67040
31179
66945
67466
76857
89832
20168
22339
108116
56726
57750
72459
66689
381236
228410
12545
54796
20184
23301
23301
10973
40739
78895
216558
23144
27277
19070
54796
42581
70237
13139
43772
56445
74196
54796
25839
109019
74528
494468
22200
224143
70237
40739
227197
34665
42169
53599
226351
64291
19058
192786
37734
55738
33262
19014
43786
170791
319475
58193
67848
72068
209558
99712
99712
32352
69260
66270
9904
56048
79971
32352
218341
67848
210933
232087
3355130
74114
245474
68801
56338
83992
56338
66641
37451
9271
8828
8828
15247
89832
31320
56422
72459
19069
9229
10657
37294
66270
74360
319475
226352
22339
24017
54796
56422
20897
31491
37734
56403
8828
8828
67468
51068
5315
14789
74528
227197
76614
33136
52808
38605
55770
55770
55770
55770
55770
55770
55770
25839
37734
43772
84131
216739
34237
72745
19366
43772
78100
31491
37734
5010
50926
66270
74107
76857
34237
67291
3355130
40739
7429
22317
68832
18516
40739
66595
37535
50505
5315
5315
66978
231413
84128
20775
35654
72068
74117
74455
68501
71340
76614
19366
67144
76784
27999
57874
67144
31198
320162
225467
23345
76251
74107
12653
22137
35970
8828
39592
76614
34665
42169
51797
65973
217864
43786
93790
76857
6935
6935
6935
6935
6935
6935
6935
6935
6935
6935
6935
6935
6935
6935
6935
6935
6935
6935
6935
6935
6935
6935
6935
6935
6935
6935
6935
6935
6935
6935
6935
6935
6935
6935
6935
6935
6935
6935
8622
8622
8828
26524
57438
84131
218544
56048
8622
228880
234413
219249
84128
35731
6897
43481
218311
72999
22137
39758
53975
43772
55622
76763
81910
8828
8828
71701
72745
64291
75964
75416
37451
233802
234463
53625
65980
9026
150709
16430
28135
65973
72068
66646
268512
72560
97820
27277
56878
67249
43350
74011
12660
243822
6897
76969
34237
98685
52120
227197
56422
54367
3355145
38668
67200
74718
68832
72634
14056
56048
70223
76784
70223
210853
8622
14827
66629
216558
25879
32352
8622
37734
67832
14056
22339
67440
33136
33136
51960
76299
32352
78689
37451
20901
20692
20692
25926
6894
228410
23301
23301
39145
67118
35499
76614
22200
32093
33136
55112
55112
12660
72068
217946
210529
215194
75452
76130
15500
108853
76877
217664
32352
17330
37451
10607
18983
53861
51960
43772
9026
217109
32352
12304
35654
67726
269614
320162
37734
31949
72098
43792
72739
20224
58911
80986
97820
20218
268656
72739
8622
28030
43394
74150
233405
216739
216739
67726
22200
12537
20429
41217
51109
67726
54796
264064
52184
79573
43792
80905
25926
69237
22709
55144
55144
55144
55144
55144
55144
43481
53625
72787
208518
38668
38668
12660
31628
67035
18791
35341
38808
232196
18439
38407
79668
79668
79668
66307
74053
72745
8828
216739
54451
66213
56957
56957
56957
59170
65973
31733
74117
22196
53378
11566
65103
237940
18045
74117
79555
84866
22200
3304
53378
24001
74718
103080
64291
67035
74320
8828
18983
319885
55770
56878
76614
102774
231050
38605
73916
394263
22712
34985
67838
5315
56957
76936
218581
74360
75763
41114
19300
3354896
65980
70385
16392
232196
50995
2009
26013
56048
39758
16536
8622
22196
35341
76614
2241
2241
2241
2241
22882
22882
22882
22882
50496
12452
94213
18983
8622
17420
2009
32093
43481
79668
79668
21454
56878
320825
97820
42169
8622
19063
39625
78889
79573
104721
76763
79573
33136
10657
67144
76485
19069
20254
66569
20815
79971
235574
217366
6894
72999
10892
67200
72999
71876
19069
2009
2009
5139
68558
22235
5139
3354992
35053
38407
102334
42169
19069
31733
35731
65117
2009
211286
50496
20534
27214
230157
10892
27214
67702
13115
35970
79668
79668
8622
8622
66511
66511
79668
26356
6004
76273
22612
5010
35400
65117
8622
48552
34237
231413
37451
79573
5315
71706
79573
134957
200576
74455
68281
84866
8622
8622
43481
84866
51088
51088
51088
56376
76936
35731
21454
1503
2009
40548
23553
2009
66884
AK046764
243983
20912
41665
66977
3355011
41665
66663
51692
19650
20238
32799
33172
394263
66213
12469
2009
35386
41718
66213
48552
67933
74107
79668
79668
79668
68050
14158
15159
18640
317829
43819
48552
48552
60561
23144
41718
31733
70495
20238
20238
20238
20238
20238
20238
20238
20238
20238
20238
20238
20238
20238
20238
22680
39625
41718
224092
41718
43999
54457
65117
57743
41114
51088
51088
51088
51088
68134
8622
238693
38137
51109
8622
233987
73681
33248
218341
68481
320816
79573
8622
104184
48552
35341
79573
8622
8622
111173
20403
230737
65117
208146
22719
3354888
78889
79573
41114
8622
43481
3354992
269955
14359
3329
226049
60364
12807
66960
35004
22680
38137
8622
72050
28071
56957
56957
56957
8622
2241
229317
32799
3355145
72999
42169
33136
3329
38808
14030
67043
2009
97820
3355125
53319
2241
3696
3696
3696
48552
235184
56535
66511
67667
3354896
48552
66511
52184
56957
76260
9229
98711
207278
2241
41718
43093
48552
35970
2977
33136
52184
13382
269033
41718
378460
76260
64213
8622
8622
15235
378460
93871
320299
48552
66934
22680
26879
49228
53379
42169
AK082015
3696
35130
193813
77951
49228
22680
7203
51088
45960
69716
AK024366
43385
53379
67845
22135
11852
70997
11886
71891
79573
43385
39145
71919
68366
108013
66354
76789
43385
55770
69957
546024
32544
49228
66614
68481
210274
635253
226414
26926
9439
20419
59013
69786
134957
43792
28040
26926
67225
158405
49228
17165
15944
21353
2768951
3355145
388512
42453
20619
207278
66213
71891
37890
7203
26960
37451
64213
68558
64213
28135
238037
42702
54367
55657
20255
66917
49228
48572
54457
231887
76273
38407
79573
9229
3355094
64213
224250
79573
37451
20255
208606
235497
31179
20619
49228
97820
224250
48552
71041
204962
33172
79875
12455
204962
3354992
210148
432467
9229
238023
388512
56706
225348
204962
204962
204962
204962
43819
AK052663
67694
210148
54208
204962
22360
158405
55030
49228
12043
53379
56957
60561
60561
20619
3355094
13614
140890
224250
204962
64213
22210
104458
8622
433375
546024
113878
49228
69181
54796
55030
55030
55030
55030
55030
20462
28036
76482
97484
3355094
67864
69786
50250
51088
200576
67939
76893
71853
75627
55692
9229
39309
50250
217031
16351
66335
14467
38160
51960
14375
37451
20916
49228
7203
84866
108927
34665
11737
73373
52906
55129
55129
55129
55129
9229
15979
35116
35116
68201
3354992
20184
79875
15893
66775
9229
20823
51088
166614
94192
5212
9229
68558
35970
79875
32530
32981
20320
76457
55540
3354888
9229
79971
35116
24017
35116
20320
8622
108664
40080
AK078603
20823
26356
13626
66966
26429
9229
9229
AK035692
ENSG00000268172
AK077428
70796
22021
36743
78244
9229
388512
193813
70439
79875
224250
39309
381760
381760
49228
49228
56376
235661
39625
49228
50250
26611
35089
1843
216292
24060
56339
67778
5212
67939
204962
204962
38407
56208
79875
9229
AK032777
204962
204962
79875
26356
19242
51747
18645
59170
20515
21340
21353
21353
5212
5212
12343
66293
67211
67804
67841
67049
56376
388512
434234
6625
78902
114715
59170
3354992
42659
224250
32981
67838
79875
15182
22646
26356
56504
84449
84449
84449
19139
22230
31386
56376
7203
15081
55657
70285
72699
77877
83964
9229
52331
55129
55129
55129
55129
79668
79668
79668
79668
14269
66606
6625
26356
56196
79875
55989
66671
5212
400506
66606
48552
5212
32629
22230
238023
38407
56790
211064
3752
3752
3752
32629
66606
12464
55100
67155
49228
55100
65973
38407
66087
76485
12750
38407
54796
55112
55112
55112
55112
67955
43792
43640
72085
38087
64213
8622
2241
75763
100434
55129
67778
68558
12651
234967
30877
107986
16423
217430
55129
37451
211006
31949
38087
25862
34321
21340
55129
68099
56431
66606
67887
9229
43385
54137
79587
3752
3752
75801
58243
75734
9229
49228
71891
3355094
109202
1974
239318
344148
3696
3696
3696
3696
3696
67134
20257
241490
101739
35006
55129
23144
3771872
55100
21982
53328
223646
321000
66912
30877
233280
3355094
55129
67285
9229
22341
72183
26356
64213
3355094
34449
49228
75458
22021
72085
67980
74530
55129
55129
66606
27362
75616
211253
54524
67920
3772297
49228
40548
56207
59052
66084
56207
40104
52575
233908
40104
1195
21374
26002
AK084102
33162
AK053343
49228
56348
101214
227095
43093
19684
38160
11546
20557
32663
33982
11107
11933
67515
382030
59030
57645
57645
57645
12747
32530
72429
33129
12484
5212
66234
79668
434234
72599
170823
33252
3355011
42169
71870
103080
67141
218341
74673
77777
207278
34656
33966
49228
75763
66609
11950
3355129
67881
12651
92092
49228
38160
3354888
50497
72085
237611
67288
57693
69865
231874
235047
55129
55129
55129
55129
55129
33127
3355011
353258
59170
18607
43093
66455
AK076684
5212
41114
57645
19889
45960
16432
344148
378466
55082
66614
66978
71916
72155
12651
43093
72611
320172
65973
55657
22051
232236
2768996
34665
55120
18639
66748
66609
49228
3355129
781
70361
54901
55112
55112
55112
74068
554226
97112
12747
55120
67789
84449
49228
68646
71393
67881
70397
234023
33460
70397
37998
56150
40104
66997
49228
17134
2262
3354988
67694
80264
9229
171166
75062
24099
35037
51088
23894
67554
214048
42169
53322
67019
12750
17973
33172
49228
66568
2262
66978
3355011
54020
