4778
70625
134147
851021
233405
26442
853153
57704
2625
330286
17248
855527
BG070910
241556
31166
66315
14615
76130
165
107770
101206
18597
67952
375748
5313
8165
13829
65254
493
26469
206338
7021
20112
76229
1382
25778
35941
56953
8674055
90139
57150
432572
19653
115727
11154
80759
225870
7200
19248
4904
68239
22310
850770
218544
57127
20340
68292
15572
243874
20476
269470
221002
254225
21454
1116
27005
233058
228790
40909
54447
200879
215866
110611
18583
17082
AK046764
2196
13043
8532
244373
67288
66435
56453
7071
71903
24
33045
26965
244879
12018
55629
21888
13640
32820
66848
54874
855348
7697
51274
239857
326623
10518
21357
72258
12166
55599
388650
653
899
67299
66313
3164
1121
53319
135152
71900
10826
51088
5346
28966
14679
23235
79882
69865
3635
497661
91133
13614
851527
35169
4772
554226
208718
286223
11091
381990
775
9747
12955
1584
91137
23967
79089
23506
51944
24316
218035
14756
14936
381816
1120
65020
74326
12462
79875
9
16974
238662
19652
22083
90379
853304
14186
231672
27999
283232
527
1618
53604
853009
63939
78797
6004
23507
405
56441
18549
32490
11434
74401
70885
79621
2000
1911
3134
853201
380730
26879
408068
31198
12675
1160
74125
12121
853418
23210
80201
29842
11100
84929
149076
257106
18412
22339
76454
43777
38668
10675
72454
340252
33162
72117
73274
223864
1953
76455
70349
71916
1066
26407
74244
5362
440193
210973
54401
22380
8408
3077
20352
54561
76585
23970
852623
9060
29109
68927
64843
20360
109202
51566
5252
75410
40548
320581
8178
235184
4253
76457
37535
55244
232798
234023
55711
234875
56853
66197
218341
17256
20255
793
64168
375248
18036
3321
16500
26428
11787
8310
154214
1889
224116
219736
244962
114569
17930
8974
55131
234404
19288
64321
8718
730
6837
16775
228839
854969
8321
84529
1292
67337
108645
44505
7798
9412
51390
19334
239037
237943
320816
7746
69131
15078
15372
57758
414872
66498
228983
234725
71891
70881
20257
3860
850305
152992
71523
85019
26385
81013
4643
12912
235379
850314
67490
13047
57580
219257
73747
22195
12395
51520
117599
57746
78796
13803
22121
163486
69260
11666
50493
330177
39764
333
8175
2813
279766
246728
229517
64062
189
104458
268482
8482
353211
85440
65019
1838
57047
67487
208
13869
64602
17134
10978
55757
31696
10943
70572
74682
3355011
67437
338467
23317
27062
57247
208146
75339
5826
855029
27236
102141
67422
70757
729956
4313
197
151176
17132
67419
852266
2686
83666
66646
17076
77781
66662
73737
17057
52822
11774
BG070566
852670
16430
376497
283464
79728
7018
5169
853045
25862
19224
71820
AK140106
229363
237253
18142
244059
93893
218210
18572
27107
226751
22717
407823
64213
AK048712
84173
27040
64383
4952
12589
12339
6891
54916
53334
22021
6886
9221
213350
104015
57655
40723
22230
319997
71101
54646
212706
10307
854070
55558
851608
10788
23966
6509
23264
851634
79401
231659
5335
6948
16574
226122
75786
856499
14884
58212
20371
23071
108829
9699
270058
8663
6640
9324
1975
241490
229791
8506
53599
1894
16412
71409
64376
12492
10135
5498
153579
75646
94111
6256
212448
23553
100041734
77996
67605
384061
17085
68219
852583
8031
7571
50250
74111
76982
71923
234076
74012
226744
51564
10195
79047
108897
12753
102607
223775
166815
15159
84975
12704
340061
66614
56258
7100
157807
240427
851687
26409
17535
11909
850811
7701
56348
237542
67981
51095
31179
4240
18973
55608
3791
77041
58172
19242
28114
209683
14854
39309
78816
212919
571
852716
55753
113419
3891
58493
853276
116150
56530
225895
16656
381236
2824
12014
51129
17318
19775
51571
853053
59044
109333
851506
23361
1748
26894
5126
213402
74493
75627
18968
18741
78926
606496
389337
215798
21848
90134
7415
382620
79676
590
856669
105348
1497
84866
5971
253650
9813
232989
66589
22222
14176
23383
5371
433702
71888
37730
AV271189
258487
66887
5603
76524
853026
2275
11237
73902
201176
5520
84221
856335
22984
220213
16782
101565
68666
54555
74107
57589
223593
1087
4285
65117
5325
66839
75974
11342
17347
6529
228911
10211
66177
203427
5875
75387
6124
13386
35053
235132
56736
54868
646
170762
99633
83564
78558
74330
540
852599
240068
210529
7587
11595
221400
74347
854769
18578
319552
25777
852456
275
5260
13599
71927
7625
433586
31733
32275
8911
235559
76308
66293
340895
52563
225631
6932
38362
253959
20755
93742
5784
68040
67897
671535
15574
8603
21766
110750
109910
233908
22772
72826
11737
6602
15481
27984
284111
856733
10553
850605
855753
19360
8675
133584
374393
43228
26115
104799
77938
2313
79768
18750
BB241135
78902
101100
70556
13382
7454
9201
99480
BG976607
57037
23133
24136
100040322
15979
78832
285195
319675
113457
3978
8444
72185
64009
100609
1820
367
853052
214597
18640
55602
57579
73545
25926
70599
269682
68929
109700
666529
8816
66885
1003
56045
13367
12419
54131
213773
12385
4248
71025
234695
19400
BG067289
100049418
381598
13200
285973
93887
10054
856002
125058
8857
33635
230868
9692
16675
69957
AK077428
158297
19204
242466
13007
AK032119
687
70650
21973
75841
319670
374354
223455
50995
66881
81011
74978
14115
8905
1822
22929
18536
720
114904
852264
1187
226049
100273
54375
23894
101544
850871
68371
74355
55631
AV216984
80007
43749
3854
20979
27218
234366
34449
76707
43350
103468
2199
90826
72341
54855
7029
X96606
10906
51608
80031
3359
214531
79263
76199
2214
97487
59027
11304
22644
120425
57505
55253
20437
212862
235542
51250
74320
51886
853780
232875
54881
123
102402
26509
64397
22213
73680
3909
855630
856638
224170
81627
25766
170938
71876
100177
268527
106205
283985
83383
232943
120103
231805
10435
2903
84189
105246278
852429
71767
57443
54790
243548
196528
665033
22932
20868
6604
66776
23303
13823
319719
12315
51477
12807
235106
18576
20250
203522
2899
228421
67344
72727
116905
2581
856451
10455
224902
60561
226414
109332
25836
9677
69202
851597
235574
74841
64783
53322
223690
66691
72699
211208
50926
853196
102636700
267002
213019
320438
11622
16372
70551
7574
852586
10345
12417
64817
55612
66511
317829
399
66356
76784
853231
18510
50997
7050
39592
17295
55120
245666
108121
27260
73137
84501
224824
103554
17940
81789
122809
73692
855383
9899
1380
20238
134957
69091
22771
21804
6314
84236
10733
5563
643988
68066
11329
11426
21812
52575
9821
42581
65999
10911
11062
70422
34237
851582
85397
96626
2005
10669
850963
68087
12123
18038
854109
16164
15525
84629
854386
67043
11846
50884
3827
17937
67467
20933
26994
54567
852332
214804
56357
64318
1577
229780
81535
127602
68035
353235
16568
18718
23186
815
109346
18018
192786
3771872
208439
12036
853203
651746
70127
85441
67231
217944
18377
27136
24061
231503
20379
36922
74838
74718
BE951647
1665
224613
52463
8287
158747
8443
327987
230657
55739
268534
83604
67315
103551
33172
26225
319945
18439
852920
43654
64478
71902
269424
230757
14325
22401
851462
2551
233189
11168
22034
15483
854651
22646
79748
19267
75616
55094
10587
10396
3306
19017
23834
105440
22612
8379
850478
17537
228960
231887
66972
147111
5612
100978
66629
22032
67050
4097
66213
359948
8824
66910
67903
91272
80385
854772
89910
258644
221079
107993
3601
AK039686
67552
169166
143570
58194
256471
3313
81704
67300
67019
66869
232934
52036
98711
1370
9064
433766
79977
66492
152926
856444
11102
56760
124491
83448
5190
5989
19014
10458
285533
851888
100042480
14467
79159
212880
19211
84749
71702
69539
75560
22135
40973
11988
494115
320129
7718
852764
854685
31381
64780
91298
18709
2673
23792
151
593
68188
76498
50518
104776
27632
17175
16452
55540
55280
22853
2583
46078
7627
94043
6821
21
64208
20717
78908
192119
248
99003
76686
79598
851819
69080
338337
39332
1379
107513
245973
242669
67120
57679
4881
19210
68975
54352
13424
231801
68099
5880
5866
541463
22897
378702
30934
71981
94284
851415
9092
67306
229227
853747
9881
225608
2620
233905
23830
56371
19143
23130
69786
18190
77591
284403
24547
27254
79264
434233
6387
22099
67868
56376
63915
25879
51147
75858
11857
14603
14545
226976
14573
108943
9751
237711
6483
65009
100041806
70804
18700
147657
83860
854764
32124
63979
76281
60485
78244
5558
852161
99375
68585
236366
39410
381306
70834
79971
66877
268390
9254
109075
20224
244864
95
70998
2623
64450
10661
76251
850829
2993
163049
320165
23116
68944
23528
76775
318566
13865
68497
91544
5207
29015
54700
218314
100288142
852589
853267
98733
94061
12464
38087
3071
66508
207393
271377
103836
11311
10525
67920
37123
853538
3280
54925
145567
83701
55113
232801
77963
1479
213895
32757
67045
13730
13139
79443
234594
21453
20692
38648
63940
853236
70385
20239
57465
5327
55814
1466
441027
BB051562
16195
15926
114294
56325
68481
40659
855315
83694
14269
41665
66455
25976
9145
70235
353133
57804
170392
254170
BG068591
66748
228410
12815
56888
399664
14705
68564
58190
76900
57089
69064
9220
75580
7343
42762
218100
240064
69480
852314
855723
83988
9827
68770
72074
14645
14048
55343
22682
55290
77087
67072
64131
80724
15925
10321
19883
16979
57502
433759
853102
BF166000
56548
65258
59126
9874
20775
217864
58193
60487
28513
84172
99929
26611
2948
12896
3911
227721
108857
22884
80333
56280
68952
56420
2002
BB016866
107971
11554
22330
37000
13800
9499
380601
6689
146177
1804
140465
21885
242860
12764
7584
80986
28987
99138
320938
11702
6597
40104
231050
110157
21982
BM241271
53610
11188
5965
20104
8871
84287
11037
21665
27223
434232
1639
74044
12398
18173
18607
10046
98386
67832
26960
2118
10346
79006
104457
124817
76800
270627
205147
3362
79670
54964
67622
225028
9541
229905
4703
81029
100131017
39540
278507
229488
207212
319475
72772
9344
74055
852149
AB055854
68505
200162
4318
319965
8623
5801
3679
24051
200172
18072
855562
57429
209027
5106
23117
64930
18392
52120
4674
55297
853233
166968
216527
622208
146330
18099
129285
224794
104252
3061
6010
1589
56934
17220
1961
67298
269582
20091
216976
5100
856533
16795
26037
27392
19712
21990
73447
9933
224092
110350
853785
BG073432
72085
12660
78889
266781
854419
217692
81037
64418
57645
29882
105278
15568
4311
19325
55578
66832
435684
66990
66625
14017
11740
277463
231769
83379
55174
320806
84231
320299
89
9381
10312
8714
161357
20425
10250
55196
19878
10973
2326
16476
100289635
7185
5930
225876
66949
83943
57162
200894
5884
403521
854275
53320
231868
853528
81669
68693
243983
525
24058
9068
56180
4212
14402
56314
2139
11886
134266
79633
4897
78697
50766
2976
14629
850433
54556
72584
2564
7752
14219
216345
9909
13144
23392
74123
80859
68968
12321
21934
20467
9905
7444
22344
18762
381654
399671
17181
10769
26419
41219
29859
6472
23129
1441
1536
215446
227800
76687
103135
63977
AK053343
23347
18475
7456
25888
66000
16516
381759
18798
36810
71799
11566
89848
BI736050
74143
208518
22983
67804
3570
12168
21849
406
72662
17532
73847
933
1270
131034
3355094
18139
35400
104681
67420
217333
54971
37451
54723
114713
853763
79157
854057
76044
104625
241547
1981
271981
225164
5345
856279
13711
57168
74203
1729
955
277328
853725
55288
269033
8019
72155
232560
48572
18247
80719
435766
234857
51810
67789
19317
8417
94015
230721
16728
11074
18087
29890
58158
50873
12722
33460
67236
56550
67944
BG966742
8704
68135
9610
5798
1832
54457
374383
5744
56095
23511
216549
89795
3481
853832
58799
343450
56417
67474
52440
18616
11244
68501
26271
8690
98267
225363
73804
93790
5257
BB794742
16497
100986
63906
4129
320100
16467
127733
79741
65980
227095
6453
56731
239
21419
3355125
16563
1185
138050
234797
57440
112406
230753
57082
74528
66898
99470
24060
852094
8436
3671
122622
14302
30947
51003
55454
328110
57519
412
32602
50523
229317
68053
67702
54869
23091
54845
157285
55738
67741
19221
855927
852343
2036
216156
100128108
90407
36743
94
70575
9655
12180
2290
83887
29933
59079
18639
240514
2323
235040
143888
66875
6583
4157
21452
84502
269623
67249
67229
12295
175
AK162735
118788
11966
23645
54720
8502
441024
3792
320226
13211
80208
856492
14228
19821
100042056
75764
9883
6035
851775
22995
75304
55112
11248
1015
12484
27
210933
34565
8609
252974
57436
9849
23654
73192
67166
67382
329795
79583
245474
229700
20479
240058
851535
23649
80728
57050
11819
216848
217430
79697
13929
850432
67864
57028
319819
4294
AK033161
2774
4613
550619
36466
101739
7290
238023
20318
16175
32398
75964
319352
80742
17260
19714
15526
16594
11800
71853
10233
26002
68026
66983
69181
12974
36340
1794
26048
51643
242726
14797
67155
67772
854396
226591
2009
9894
12343
15220
218914
18641
105504
57221
17686
35970
69724
77090
70676
77683
58243
269593
76223
21844
93323
8703
852292
213760
9915
23854
89801
83675
11921
10124
20534
BG071002
80352
545124
113878
147660
84092
2533
320162
6526
11143
10793
237860
BB335101
12394
228545
10199
4151
855608
404636
233726
41428
9737
31491
339366
230558
26942
330050
67824
123016
254394
319556
13690
23015
10623
856438
68842
1879
30838
76448
20807
283373
20254
22955
201229
97884
57316
56207
14163
19291
69371
381308
76843
235047
9918
18186
104479
851649
36775
770
31136
56150
6560
84146
69296
23029
24074
3304
80019
200576
710
84824
154091
18115
625424
381801
66897
10256
2956
192161
66867
226089
78833
36436
64777
1201
97112
25821
66912
10137
54507
57750
851115
27239
5933
25973
74150
71643
72065
1999
80237
196051
2184
856137
28030
64412
401647
853510
853325
73158
855502
8555
23001
85459
116369
6926
26900
1393
2819
16401
15277
231252
80856
18045
68449
6668
17936
159090
74996
66425
414101
69237
71706
71920
9902
22411
7364
66663
68059
52585
137075
851223
140688
852521
71710
140742
231713
93594
213109
2243
441273
77053
74580
237782
2705
6657
12290
43005
84838
40959
22183
68134
79202
7917
75801
850942
9665
3354888
11837
26012
57650
27131
13003
78255
76893
854127
83852
24015
60344
56666
71711
78798
73526
28018
208228
381591
67367
63894
382074
94229
11409
4487
18996
18754
23038
10112
41615
229731
10845
14852
14061
26412
37824
134510
854144
22402
851323
72477
79005
7148
58887
35341
56504
12013
80010
221927
11481
9735
126208
72429
3426
243499
9984
100040736
67075
68201
15423
130540
16192
30944
9111
1051
1592
855886
70808
74187
395
76740
25865
28981
856050
55729
139716
252870
227700
64375
26446
852044
10384
11720
29988
102395378
12144
3355130
25946
26061
57185
83637
2770
853607
50527
56086
3797
192174
9640
23505
50793
2766
67241
68145
114255
18983
23334
98732
5338
2055
83797
381511
9646
5810
107986
237611
68646
5064
20912
84626
235469
18861
72007
81855
20620
76485
27345
407800
85442
11761
65960
56210
18213
23451
72692
856668
83464
78521
56834
1431
70239
268996
101706
54446
90523
56706
851488
66374
6935
72462
80898
43481
1974
133308
8972
353187
347740
104721
216965
6092
19272
6502
68045
107975
23623
26951
11540
52808
100710
67532
66713
269941
71701
109108
67292
55701
5318
71795
117246
9904
11027
4327
257415
91252
976
16548
217011
80005
80271
18791
25988
23348
246596
56868
57649
67524
850385
67972
66552
66874
244891
55326
245847
50496
10234
100121
228785
27342
152559
12153
283820
606495
252995
14270
434423
70122
5098
20515
339287
213311
71934
14450
851627
242915
9619
211
18577
852862
229474
83543
17192
103236
16846
853198
152185
6490
18117
55745
170740
23945
114134
39475
1808
81931
22712
115708
14681
226856
68133
74164
67763
234463
81620
855969
41899
16561
43811
9896
225849
55980
7429
1159
55622
855229
2825
381510
104886
101490
60676
223664
231452
9143
74479
223723
19698
109115
78891
220965
230654
850403
68817
32799
855422
227210
7041
23301
17763
5771
66105
853104
53625
1264
64763
853392
20274
81566
66084
67379
105245
19099
68859
340075
51176
19056
109019
278725
10765
6094
232807
228361
85364
18187
55526
56419
44149
13030
23242
AK033359
38612
80221
15064
4664
70683
12662
10962
57874
31949
25914
224938
242585
93730
54609
5358
83493
43466
81602
7849
2977
92092
108699
22630
66568
17450
21408
68250
17356
1123
24147
12805
259302
10439
26356
67838
6654
20399
19024
50525
80912
71270
130574
13806
42659
217734
23277
4601
107173
66427
32663
51524
95681
6098
542296
226548
51631
9656
24086
23534
2019
378466
10892
199692
14625
9988
20218
56048
852844
4035
93736
242474
7248
214489
319996
3817
57587
143872
BG074624
9654
2768996
853216
212483
43093
72061
4033
3355129
6323
115749
166379
14600
20441
52840
67575
2262
8741
DQ869571
387893
10210
60599
53857
236643
8622
32093
20661
4999
25792
108853
80843
214150
100381270
6783
224903
50781
52615
43819
9879
72198
270049
5294
19377
4619
21803
23384
15183
23587
19826
9586
64844
55166
283576
170082
71148
72674
853692
853111
105377
74533
67563
8895
66658
2912
10403
102093
74114
211948
17184
77519
4343
642273
241128
851256
232339
55512
5553
11864
123228
90
24149
209462
272589
33982
60560
577
4189
210106
64863
5297
235283
70396
14885
241944
17997
856788
211496
56622
4326
15117
69276
18610
225348
104570
30815
494468
76559
852271
27103
26580
223739
101685
851282
170942
66223
76022
217732
55023
29861
53975
11670
77045
9925
71865
20320
26098
146439
72344
856694
225467
855705
237422
855971
2191
6508
11344
103080
8876
24014
246313
41217
5443
54137
855879
9842
9326
89782
74315
40707
54623
18805
68775
68295
53349
68792
103583
403187
85369
140545
21808
6601
70495
9427
64427
9710
21769
13528
10699
114871
3965
56442
56351
286
218311
107932
7507
7569
18514
76936
22225
7022
19244
16592
72962
10514
67956
3790
74778
856054
94221
9462
12558
338350
55656
13649
65967
2949
74100
619719
54549
84109
26130
39111
13121
70285
320172
50876
4296
9379
209737
19889
11502
69082
71919
66530
10262
215194
6804
3373
11146
12293
17183
851625
51374
14056
26941
222663
56690
25970
64092
1326
45307
7741
28965
43839
69757
97031
209268
230598
16447
74117
55610
54208
228880
101592
1464
89870
75204
72265
68187
7764
9508
BG069080
854683
5320
852590
5740235
19230
214899
218543
16598
56531
968
71832
16334
55311
50928
14658
55963
37998
850319
105445
26934
374655
140630
224014
67281
3355109
71137
16373
27418
10869
108652
851756
223082
6423
106794
70052
67440
224860
103711
100532
81576
5025
319448
230734
214048
70296
14789
50908
92170
854332
21827
73708
77799
27275
12265
55914
57476
213081
23881
71870
67225
65246
124801
328099
19106
110886
54662
6578
108934
11546
2122
7919
50492
9743
77048
59053
22375
72480
22200
7490
9121
64787
319885
23955
74061
76916
77605
6523
16428
7087
56924
20619
26921
101
68312
94332
23856
381760
109242
77116
79703
254065
3290
127943
74388
5990
67974
11964
58250
83540
20184
75751
66196
57269
149840
21821
22688
139818
635253
853061
25852
2241
6553
5588
9749
10071
853366
54020
76582
77889
58475
66826
70472
17472
64794
9991
75731
5609
269704
76051
9488
11491
71914
6832
20901
70247
226252
BG068807
109900
72144
96979
51058
67200
228005
79656
18764
7504
80896
34191
6016
133558
24564
50720
18292
71093
70238
8449
9780
38658
74410
102774
54644
147381
57182
19384
78656
57340
67486
72560
57776
21386
7316
110876
55008
854925
1843
21385
71956
432486
331026
13537
218756
19946
52665
23270
23985
150771
19069
56852
55260
74053
51329
69149
35940
67459
852876
43772
10827
3235
259300
64403
79567
7094
12847
382038
11545
2296
853146
76217
3781
216853
8805
51200
23857
21676
54451
67515
19084
79191
218693
68031
7644
854495
22661
78895
71175
20462
237310
20230
72123
56985
102632
56057
74112
215351
209446
3625
382030
74106
84078
145407
56913
338440
8540
12350
43832
22759
11840
72999
388743
1871
57753
38944
161497
51208
3665
162989
5966
84527
72323
21855
77877
271
20841
AK024366
217232
76246
105653
55035
24105
67471
192156
22288
20557
213948
11852
69156
110524
856745
23808
69955
BG069857
57743
2182
56043
105522
54816
1244
26909
133383
76627
101187
7088
238161
856629
23274
12349
6833
227619
196410
215031
37007
24135
16939
379
16480
76273
850845
18618
30878
76429
320632
169841
7918
112609
10184
115948
34321
22654
28135
4361
80890
70561
237823
78251
79723
78689
22631
37708
23547
11314
234967
35731
2571
80750
254887
244219
125170
11279
10325
69048
68964
56790
237553
3300
3556
151516
39877
107522
10110
5193
3991
50754
23193
850710
87
74741
209091
21969
23921
171392
64113
5019
241514
853679
5342
14758
66191
50868
73255
101930123
851537
321
76813
66977
18130
253738
277250
240752
852872
67457
85450
11486
69053
9037
65114
17975
851069
23154
8021
320302
432
9525
218518
17390
854188
1609
51091
63925
2321
5226
75734
3855
856813
11898
3354896
215008
8509
11117
856913
852498
11128
80297
211253
5296
71835
285971
55771
224647
13353
18633
11603
338692
3355072
22427
10643
17305
72656
284695
53861
71713
104662
67939
283417
143684
75805
84225
193740
1768
9869
71983
105193
192187
16570
56899
57513
59004
14083
21788
218333
67118
226517
18109
231830
18091
19726
243937
130916
100462977
20658
25913
5356
71458
9179
70799
57728
67610
285672
17165
853455
9785
206358
17765
110651
83796
852066
17827
3070
3696
13052
12453
75458
3551
232157
218236
79085
9271
14678
57606
244418
67996
56632
66087
50790
16579
72068
1762
14158
149345
854556
20907
329777
856660
1404
212392
94186
3305
29066
71452
18145
108030
5864
1259
74498
1302
124997
230895
56316
850536
113451
22259
72667
855380
10270
929
18817
53902
55615
85463
74764
109624
16874
59036
231670
70997
6045
20005
107508
68094
56644
216
20429
21780
19300
3815
6442
631145
80155
855355
101631
319998
13434
203062
852857
22793
40080
23046
70974
8842
56675
56338
10194
71389
66917
16000
10673
77113
353376
228003
54811
825
12364
7543
19735
10657
M73818
9181
84131
67580
22914
66993
851701
57826
1006
214084
9960
57748
1796
107358
217664
269473
106707
80243
1826
9674
237300
212281
221302
55989
90293
27109
23099
33129
9820
11005
19713
43
22882
14661
232087
226519
52123
217140
108672
241627
56455
12545
170707
853357
35717
7581
53600
27377
70209
72949
4583
68734
41823
75677
34503
66725
14070
320825
19243
545389
161291
852522
320633
140831
100503670
116871
101165733
74249
83603
14745
3082
59058
72568
19646
51109
99712
26013
1070
55750
17973
79154
55971
121441
83999
57693
20724
268566
79865
28042
152815
16210
405754
103963
13435
10072
101214
227334
856630
11539
13024
387032
238693
1154
1392
24099
71988
19411
16432
2116
56496
52184
18191
210293
77579
4005
3356
77951
68801
105000
11063
70335
107260
77857
14651
54861
74096
BB097040
66866
66394
850798
654494
245109
20249
852389
11877
15444
1193
17996
77248
23600
67291
440138
236930
19015
101351
17133
74185
37511
66354
79609
216739
65986
67144
2984
51611
330
35130
72042
546024
852335
70699
320502
55217
1195
71599
79048
171463
850900
106504
105203
4892
429
66078
23462
18519
320714
69716
70941
11221
84985
68938
29974
3853
328572
76877
11500
34292
319651
31221
230161
239393
74356
9071
81575
76179
2475
66609
68166
55007
71841
13593
125488
84945
66522
230257
74251
42502
212892
432467
56298
6579
208846
259279
AK035692
4176
28036
16004
56552
70809
67694
153830
226757
131544
9738
8559
2260
320975
8639
7802
12452
54825
56195
BC024416
114991
7249
3590
98685
81910
11907
53917
13039
56749
37547
10475
449000
382117
8774
24018
72649
90075
51166
14345
23379
850841
30877
16709
196483
133746
433406
58240
16818
319615
9026
23637
66234
14751
40232
18972
35089
57210
11990
16543
66245
79822
16319
19339
68089
380686
263406
51201
18013
851866
243219
157313
2840
320717
378460
39385
19944
19651
27440
59030
668343
23030
83937
5467
7351
284257
26973
1295
12799
52020
852311
5026
115827
3177
71952
213
75416
68058
79887
20916
67026
13063
21683
55657
23964
54938
17874
5599
110135
92344
320011
110532
11156
224703
220359
13090
66631
68281
8544
114715
94192
18685
382423
226144
67933
66307
54
11350
1196
239528
353237
81489
76969
63993
73178
23163
84068
226151
53379
79868
14704
54468
10570
23877
21340
67151
11677
13875
227644
23144
255877
10940
208440
6616
31026
111173
7048
42971
19299
17217
146542
171212
7354465
238692
59008
19374
214459
67302
8501
22719
38160
216835
853139
5274
71843
71393
19047
22837
114564
9056
20473
14000
215051
11568
853281
74570
30960
75420
1973
70790
37230
68724
11922
8493
67516
84188
381845
10179
71151
58180
AK138425
93702
232947
17692
232409
23331
63982
225207
855411
7988
57621
223337
224742
67211
55220
211488
193742
67263
67727
233489
67778
80281
1384
72129
15369
84261
855619
45840
55689
123920
67561
3208
26152
5557
5837
74325
55640
5582
69257
252875
16351
79685
68519
268749
67887
27053
36095
55332
63922
5533
148738
18704
57179
BC021831
70432
115426
67955
32737
54760
16661
208198
1183
79178
59040
854857
400745
55266
7044
71213
74182
70584
23625
30061
23420
853473
93888
13418
26427
854371
56399
7975
13034
21841
85465
319758
50507
108989
AW555368
4693
9832
12509
56339
3714
21425
3566
8289
127707
77059
38313
208650
18162
79654
26301
11245
60678
856690
100039795
75302
19255
677
83874
9077
12367
2257
101602
232187
50772
54901
856606
6872
151393
15357
201965
70439
109785
56397
18986
12831
229473
66671
1633
10500
57214
22404
70810
334375
217410
636931
71340
43792
55277
56392
10457
855441
225283
23370
11801
25894
50813
17118
853753
19094
546157
852159
170822
5733
22594
23476
78252
4978
33466
10548
18563
26429
51619
6515
23853
40709
11440
102103
344148
107976
50721
238037
79896
4605
19261
35006
5080
55216
18458
9332
57782
1054
71041
18197
26932
12651
130507
56422
347240
224088
27092
76803
5350
4669
80000
66884
78912
11174
228356
104445
20873
853663
57783
72720
8495
55082
6775
12405
230233
20605
2628
19664
41550
14211
22680
72739
227446
404037
26451
8534
32179
3431
432450
1759
12983
5360
66634
9828
8325
27368
73681
19246
55511
225791
856353
59069
192191
2259
3772658
158586
51606
15331
5979
2264
55532
232196
269536
850348
81928
84167
10351
102392528
113791
12491
14201
9354
4329
214901
56403
72148
108655
67295
68051
121274
110326
74561
56259
75211
6897
851785
109880
12554
29819
68576
22341
63924
74196
17250
10871
237336
18035
12751
74437
U58494
90233
851581
72301
18491
84726
211286
29877
100502841
278279
851547
11515
353188
319190
11193
224250
66997
7179
214444
97476
76892
15251
1839
66809
268373
57438
10309
619208
51103
2842
79173
2915
38605
269955
64656
35116
107702
19070
74451
17475
112970
73916
665113
30839
170439
80707
210148
171285
208748
81848
3700
26086
18541
23596
54796
4070
10220
67163
67841
16780
66101
71826
72050
853472
63891
326148
2020
55197
42239
73121
4288
91574
55246
850659
76376
1742
72183
12727
20592
4023
25907
75612
51960
68837
29094
85451
13448
80732
78523
207181
55591
225182
2548
1606
43186
29114
72723
319430
256949
2073
42460
245555
115817
66945
26092
12316
75763
330938
77766
56191
64395
108803
236790
76804
330096
729665
6609
19268
852324
35496
55935
14160
84128
22906
2966
43394
105501
170954
850893
852482
226844
227399
23258
56928
7059
227449
381979
54463
231874
81557
57659
26011
6894
56929
2157
100515
72825
63027
20729
855691
31322
216190
243905
55102
51132
852259
27439
22210
19876
5212
76055
855284
39434
100302634
64420
30957
856819
54343
19155
269784
74026
852506
227197
67967
53951
18230
6497
230603
3554
14365
23020
56404
851304
56971
245598
75137
171568
162966
112755
4436
19058
12785
52398
17883
273
2992
235380
1299
284106
90993
143884
3234
74360
526937
118987
72278
228769
57504
414115
83890
81539
67774
240776
320492
570
20840
232286
8507
140710
74120
100683
68308
17850
852825
72607
3382
51182
54799
6419
9615
2560
AK051785
3684
71972
68140
12304
50788
7690
10038
13822
31448
338364
148103
57912
72759
99382
71371
67418
6581
67466
854170
4594
27376
56194
83541
381347
66270
13627
5091
3355145
852543
380921
84505
65973
446697
25987
211651
285343
79666
214663
16498
213054
67468
80384
20166
27245
53354
7978
84984
66661
278304
80115
1306
71653
321006
27886
13346
AK048225
9321
25789
219144
55033
317781
2202
67454
4222
241263
217109
850706
1278
66985
4337
76932
67145
2246
227737
17246
32727
8899
209558
162417
216188
123803
18015
22196
8324
108150
100169
148932
54093
54879
70420
268288
268417
22724
68549
75607
83964
233406
85007
212127
51085
76007
211484
76763
108954
286144
2550
57381
78455
268857
269061
20687
75452
2768951
33248
223752
230959
71063
64849
73463
16423
7187
854721
4750
7515
24128
4223
11416
11145
7090
319710
4957
18141
16514
7403
9452
64852
9187
84230
BG071600
43385
23598
7070
9693
21374
125
851308
220164
98878
8076
10365
320082
29127
22234
14420
66185
375346
3872
74205
239833
10174
2875
433931
64645
109359
108664
14167
3299
286148
71069
79959
20648
210274
23127
99586
51334
AK052663
1503
55947
12283
233056
12193
852738
2662
23120
41391
9087
113892
203328
852366
234413
320267
72194
19275
70791
238880
193116
276770
52635
9639
4168
1797
1813
2331
72154
71834
633
1795
89853
54903
27280
7436
74340
34985
229782
5291
15312
230126
60528
14225
8674
12941
852654
76614
9641
29809
5175
223626
854310
70891
12724
664779
653464
29875
320020
70350
17128
235661
1501
AK081423
855529
18415
78688
16478
70237
74601
14062
BG076325
852092
269881
140467
359845
231646
76425
77097
100043034
76482
ENSG00000174093
22137
7155
20115
217480
9797
47611
66724
16643
22722
53378
33881
21843
17938
55982
853405
93871
108013
1629
8788
852436
4320
208968
72599
9203
7203
2354
14810
237459
4801
8941
72349
234723
12116
9013
144347
217166
231380
4920
54331
2905
84804
79925
18140
54108
AK046779
14042
852709
73988
16865
67588
2137
122416
144110
83813
270028
272158
66960
19899
63872
25941
2124
18669
233280
12142
6005
24017
101240
22415
75062
230125
26156
853677
204962
235431
68366
70747
18706
55100
2213
100434
77777
42453
434234
7109
101163732
5354
243822
11950
12043
26422
56306
19298
114885
BB158810
159091
100504178
446296
68050
4940
114880
148254
18484
56307
22297
11859
57905
65971
67878
42169
22839
414318
77371
71791
58994
6238
84159
109006
850312
70821
255403
2997
94005
4638
72787
67040
211323
98415
224694
66999
64978
1308
26273
3547
320701
850502
216438
214742
105559
71984
210297
71177
79674
211006
207818
331480
1793
15284
319583
852919
56196
11977
52639
3752
78913
228026
69922
81898
55861
15505
7110
70351
947
39513
79109
67134
114781
160428
2052
11736
15182
10713
227292
9989
79132
27248
14924
67138
18021
599
110834
73668
722
67976
16975
55604
60509
2994
163033
166336
223646
244654
398019
851493
729359
33127
BB017018
854714
283431
15461
74006
1107
84617
15115
101613
66816
70397
6919
17258
22385
20419
15463
15382
72828
215693
20655
114987
56406
229357
56193
227731
54898
235567
207425
66054
245000
851348
92689
83992
35407
19734
78672
2151
64339
23761
224111
747
75305
2913
126282
51435
69440
9976
10198
108927
23268
110542
9924
79230
853581
71946
6787
144165
856365
216119
11632
51143
16842
329274
66934
51106
27079
84461
22820
17855
120526
99889
54195
73373
4665
74673
13171
51700
147495
3354988
72098
212198
1436
237465
319807
72482
56149
213119
28040
23363
19822
219790
79668
69065
99982
8013
55968
209416
853882
17910
74102
12747
23293
13544
22360
6512
854930
76156
70508
150709
851516
34886
228858
856475
37387
235626
20361
16600
90874
10379
55552
10752
855023
60625
10672
67554
67528
72020
75424
16599
57614
494448
56667
4647
14004
103784
74042
237436
124925
22758
22999
11520
854359
14390
71268
222171
7991
20679
79595
67845
79987
10933
11076
338372
1952
883
24139
348654
320506
388951
13629
23149
13518
54883
84976
5333
50796
10715
71728
856789
55870
51360
20266
8425
72611
23796
78618
284439
39758
58985
79649
109676
12569
57267
11987
228684
161
54926
66821
15247
37131
116984
51244
67726
78283
4303
140810
55180
101476
218629
77128
26051
56445
174
52906
79027
7692
94213
7036
11181
58810
57553
231238
22690
390110
11056
27401
852121
50753
57030
268977
23373
51797
12370
210998
5610
100130967
72133
238386
109594
70693
64945
25878
81027
148534
11431
12310
18708
462
643866
13175
73744
271564
64144
622675
1954
54890
27362
771
5949
9762
33288
259173
23660
3257
2946
140890
67109
80324
7178
10106
6830
51073
74222
9671
84449
76967
283219
6252
22718
17285
27214
10885
76857
40554
943
13592
68436
19357
19684
29914
140795
9364
78825
234374
113
13388
20610
1032
116838
236266
81556
6878
241431
34656
216292
8577
22869
81691
11326
26466
76123
380664
103573
209478
75717
71753
433864
56541
213484
3689
327762
16201
99683
151613
81493
22116
79587
12519
72193
852946
20740
27762
851007
8029
353258
26100
17754
269788
7075
6854
1489
853820
13589
320
80256
7369
9806
66569
70859
241391
28514
5727
853543
853199
66660
27124
66966
5101
223870
466
2624
214854
109284
269254
58245
9853
71985
21940
117177
215641
850844
51813
9229
55320
26470
39625
269252
23765
9355
BI651113
387609
237940
26912
284
60489
854538
16182
98303
70466
33136
229722
14161
53357
67239
66308
912
8225
728841
9711
5420
56957
20538
100416706
22067
9880
271036
59002
8850
55014
75775
53312
51313
64943
9936
56605
1439
39145
5310
70999
79573
21343
91289
108686
100125288
72504
ENSG00000268172
56125
18763
100465
7693
56046
27010
102334
6662
856423
853019
67689
130557
54519
79758
66775
19366
13401
68272
56650
23218
22782
23399
855335
69195
216760
13666
244421
9429
32938
22143
98758
14773
84624
84939
56637
4582
319146
79637
107815
32544
237730
AK015425
22437
5909
235435
264064
107986453
389677
56737
22284
119
67684
285527
20334
228775
54326
92235
319604
20817
22592
135
100038555
34665
63897
193813
2822
852937
51786
134429
320460
7188
AK039341
231086
74068
171504
67980
154743
41114
5565
72459
110954
258336
75210
90668
19245
2049
854447
11933
266629
106585
79982
20650
12338
118924
80298
242509
8148
855593
100689703
140917
80036
72873
23360
55650
4355
108707
BB043897
18786
71971
209318
261734
217995
54622
65989
107182
6895
56041
22763
75320
851238
93707
72716
320095
4123
575
57695
9554
102657
634
851246
217578
69587
39406
12653
70208
90378
855176
80818
109135
72415
100763
7080
432736
16765
101185
1048
245381
5664
381314
239318
319765
109181
52705
1263
12648
70359
AK078603
192285
83450
29911
235439
321000
269400
7486
71581
7030
51207
8761
17180
34044
69372
20397
13655
27366
2676
18789
23532
7546
108123
63826
31320
11984
37223
219103
15893
15566
54189
4363
12300
84930
BG069109
331401
54454
107449
56776
22861
5580
192192
AK044354
1910
35654
400931
225638
100101467
14313
56884
19222
77782
105837
319817
2315
225471
32530
55070
148979
74392
17858
54414
31139
212547
18854
5027
10813
854081
207278
37089
4820
17841
67826
319211
20926
18007
854781
29068
7840
75547
12177
55039
29903
56190
84450
12015
144423
56535
50497
14815
30930
25893
22378
108154
76789
92342
31602
91603
170791
51869
20826
402665
68107
35215
4915
53621
14020
18613
354
3852
4588
64762
58231
851857
3059
74522
35004
233276
170770
6615
80892
340481
55122
67943
4099
170626
9726
18810
3783
268656
68558
79777
104836
208638
100041932
213452
25940
92014
18645
22160
30818
856271
10607
79566
400506
478
212153
386655
14479
20527
14460
782
79885
14268
10427
3798
152273
67427
850456
13521
283742
16835
32629
68767
3550
1203
80308
BB080140
81702
259197
20494
19656
242083
67480
231717
9104
228866
55341
6908
36868
66336
56878
6253
642987
84561
72567
3683
79856
69617
53942
50850
433256
33081
84662
53418
219249
101502
27238
20773
333329
18028
54614
852063
21366
6809
20630
84444
67121
114716
240028
151050
374654
239766
20918
55127
89953
75725
79901
8828
9260
AK037080
56248
55324
59050
17688
104010
320864
79012
26122
AK050685
855020
75767
233987
110956
9154
57862
78246
18181
68421
12354
17289
7189
2563
51747
253012
77031
83946
8796
240590
79680
233079
114741
52331
12752
211389
236732
107650
13437
222236
51068
3775
72958
230737
69090
56264
66975
158405
17330
493869
170760
17840
84250
84986
239510
185
853213
9728
212728
51763
1735
217718
154807
50505
84792
320150
12411
55732
75706
233802
191578
83990
238988
26267
7481
150356
2348
56469
217031
74530
57794
216543
852980
15571
99031
84288
18020
13807
20822
106039
114757
64423
72515
9968
67667
394263
210766
57633
150094
67283
92270
33966
57707
78658
23060
30841
8100
114671
16011
67534
3818
12223
5010
24773
72175
55770
16985
320706
2330
67898
75221
214290
70788
1519
67760
144193
19139
73473
22821
19921
67821
57673
4807
22240
855394
4783
56356
78654
43640
5256
208606
229
74167
1960
2342
68526
11517
19386
28071
66899
92105
127435
854071
1955
2244
853356
2775
26388
83857
626832
66641
67884
18595
6533
57130
43426
161424
320473
16392
227929
52552
67842
734
223601
5334
8733
54904
108116
269344
216742
232236
83921
55201
433698
67282
221150
852565
64599
55830
115330
80913
22890
71521
55719
51263
100499638
128153
23211
18949
850295
14827
2053
71819
28240
118445
11217
207304
160418
381405
230796
246048
74246
320487
4131
200424
57326
129787
84548
67581
80195
214764
7561
267019
853693
28952
8541
75530
781
80902
33423
67016
67115
8453
3861
221955
284992
57869
20501
66689
124989
23794
13801
384783
283078
103724
4752
93688
215418
56317
9236
272
854666
4238
221981
627488
14359
19877
10900
5618
16981
70009
14088
67671
6625
108086
20390
320394
70218
23646
52013
12572
216856
71726
9605
63035
70796
108089
653820
83435
5894
5315
230594
110920
3215
57512
51135
56996
14262
244049
20387
20403
BI076698
84631
59015
112611
3764
76260
854872
226610
4147
6228
10507
80853
45960
5457
67049
218214
5734
6518
124411
40739
229709
16407
856716
12848
68904
81573
15500
159195
27043
231326
10615
18674
BG065705
AK084102
70223
72650
54629
7289
20897
107029
53328
11472
221178
12455
42899
104175
67988
244713
26046
21429
50797
1510
11151
855369
8220
192166
42773
851211
15490
66923
152831
854765
851902
42702
39403
18046
76299
76971
244329
9156
853706
3697
57449
148156
6474
2532
101118
18569
255738
632687
54196
26878
22130
14634
221785
5328
71929
57908
230784
170639
67453
10257
104806
57439
11273
42196
266977
26167
17261
67446
37890
1024
51752
72433
717
76302
26562
45250
55030
79782
21822
55553
854911
27055
231821
56626
81000
5754
79871
21833
2670
44291
54467
11920
123036
374920
56946
23428
229574
18605
20983
105351
23341
6773
64577
170384
23806
57687
13002
26009
170823
151531
81012
10865
76295
226691
14375
328417
12611
54130
208884
70478
54676
55692
222255
84947
38808
2800
53414
71966
51393
4931
57337
81003
852370
2115
54150
286207
69051
10069
5228
225341
9739
433375
71279
8061
227723
79912
67785
235497
316
66246
3621
66494
68018
167691
23523
233733
76510
55205
220963
29997
5939
554327
33252
2117
20815
268395
440087
1293
20666
31628
22695
51000
54469
26524
2649
56208
10214
107823
BG066746
3355127
66921
853916
17979
856810
441631
145389
40607
56431
13626
71960
18080
14030
101985
243308
32587
AK076684
18516
854886
2066
20511
282809
207667
57835
79801
67557
320604
22235
8837
171166
10954
35865
545938
13404
13654
26949
199720
57634
850704
20311
57678
3140
11980
242608
856071
67776
72585
6296
78388
9076
231329
56703
56252
6778
92912
177
19223
15401
84447
20020
213819
3772297
6335
84240
22904
68274
67848
8535
20911
920
11270
110877
14710
57231
55503
26032
22215
4800
728568
51692
59013
1294
852637
6407
20088
216274
22894
383548
1901
18263
230376
211064
29843
55129
91614
164832
20402
240869
822
AK082015
13618
56375
3119
245610
17101
25840
854130
56334
851763
16337
71382
67414
71729
147968
36
140780
22658
3785
268512
11107
22888
852173
80264
381917
283991
212
4052
112405
74455
79156
9829
17283
20482
14688
21938
192197
6543
403
64759
91283
58202
675812
13628
67161
12769
77622
67035
855653
56986
231842
35386
22868
10929
66753
850602
10472
64207
56077
20529
75083
33262
208092
8908
22317
12189
851931
8404
1548
215690
81553
65103
353236
69116
13018
23314
208647
68943
192195
55344
12041
1028
22764
855444
5871
84101
AK032777
13839
84830
77596
110809
71030
64231
55636
27242
116914
855061
208043
853042
72895
104263
17420
77015
10919
50771
270685
BG068672
43786
6297
213556
55655
4439
854030
10655
67958
75753
29799
60364
69354
2526
236539
71745
219902
63913
6869
652
207958
7318
79574
106064
27252
67073
375449
5412
73884
282973
148789
89832
72713
320435
57479
13163
320587
8427
41171
254531
13207
12387
97820
25854
49228
851616
51057
56241
22889
384281
11278
107242
226352
65998
23790
55843
51517
70574
36581
10190
54460
74753
142
79733
208659
231866
71718
57509
320910
3777
56200
852179
109095
6304
40510
851807
114893
12361
128239
37734
856494
79464
84179
20603
70673
20401
54383
16536
225131
70361
110198
320951
23051
25943
853212
83933
76594
11487
79640
343990
54524
23849
AK150079
59052
16834
7576
9873
19134
80886
217216
1842
67873
68795
79830
35037
6861
33904
80095
2995
99167
17005
9839
110893
22902
25839
55363
23885
6712
8697
217843
68350
5892
21974
66905
66606
AK038224
330401
8490
18472
12537
33507
146223
57533
75613
150465
4595
32981
12750
7781
5076
146198
84549
80177
4692
54141
60440
66385
3642
76846
1139
55388
57572
107528
66870
18845
4948
860
5888
56784
7621
192976
67285
320799
ENSG00000248710
381337
7409
269614
63920
69675
67769
BG067993
16870
69863
856658
45278
216154
75619
59026
16792
56447
66978
432508
127495
143662
4898
144809
221545
98985
66595
93703
20611
83719
210135
231986
84632
60597
212772
57622
145773
1840
55
10794
23359
3084
222865
100504663
60313
26940
22709
4345
70394
12832
852504
855949
40972
33007
856602
12866
140680
55331
71901
385658
1893
56649
7805
13555
229524
19090
544963
217366
1831
69981
101401
22019
235504
66244
226255
67017
854266
23033
208144
9818
66355
15081
17158
57475
150763
7769
224044
35499
79072
23950
14155
9021
66335
67881
231413
244448
12695
8233
4677
56905
56490
6786
54004
7517
851376
201294
43222
728577
4308
850745
854919
103098
AK155780
851429
BG069991
10076
329739
59038
78943
7799
BG297038
92335
235682
11657
270097
856925
66482
72775
54537
55683
78267
1951
217946
55979
69207
67041
10221
71962
22589
56362
5265
4855
9514
231931
14254
23310
6421
727897
65268
78937
852360
20616
89849
48552
67141
54161
151887
4286
237500
66880
74132
93961
850308
68652
222643
19650
13170
37294
29965
14805
9712
225432
71889
109270
207615
234852
320772
84000
52502
400073
20438
41457
72634
26260
211949
25871
7857
68095
23125
55632
44801
AK149691
409
104184
23135
72745
1268
404093
68259
10320
854231
56895
330836
7709
330192
2531
100737
17222
9358
75669
9479
18356
106957
10193
3757
226412
24599
75415
23053
57035
72033
4649
55296
51175
83607
2868
1000
210853
2731
18988
388327
58525
79555
98170
850343
8195
210982
227835
23345
5365
22874
15235
224143
319560
3620
1298
56273
74467
66443
68718
19063
12151
8556
70383
212943
3987
17196
79616
20964
104382
31646
856398
4055
73288
22318
216028
80905
78100
856243
57713
3329
851352
72605
71963
320720
9404
853801
320615
233877
12874
6405
66505
3575
23152
222962
43999
226351
101994
11009
102060
67712
225523
24127
51277
BB193921
26958
4854
67452
79585
53614
27277
67529
13115
91010
70297
54152
210417
57786
10385
22275
243653
216558
17168
23609
23396
18451
18201
12801
12725
114874
54367
21353
79043
856541
71361
107373
400713
24001
109113
38137
410
55144
212898
11636
11797
64411
25861
216197
231600
269053
56262
853464
58911
51338
89874
76895
338352
20742
32352
233744
23189
69137
3384
23548
50767
22925
12873
18747
13990
166614
70044
67803
12469
15944
41718
54363
105722
69774
22253
26926
54188
12033
6670
72039
83706
28185
9755
14085
245509
79722
97165
71145
26230
21402
65962
78514
31386
219228
9683
129642
850686
217218
137392
226747
56516
11190
192193
84925
856517
4354
79142
67070
214254
11120
2886
100019
72399
59170
208154
8161
854670
7128
64818
234663
20623
9955
230157
68832
851380
19262
57246
853710
38407
25830
3588
2057
1723
51385
3171
3557
74737
2687
5028
52837
16403
56965
110616
232821
222166
20823
252866
79767
2530
84665
13004
24050
67245
101148
900
6850
13427
74011
104885
6525
2542
18030
55421
97484
854883
850778
64291
34881
21380
5778
56726
5139
76478
54604
6638
22051
26249
22031
9439
80743
28970
227753
3189
66058
153222
67074
59014
6603
71924
18004
388512
7043
168544
3772376
31072
20168
78994
93986
227331
52838
72535
123872
90362
134218
19219
83962
856496
852108
20336
6909
20133
13132
4245
64841
3354992
218581
243846
